#index 0
       101      -0.25          2
       103       -0.3          2
       105      -0.15        1.9
       107      -1.71        1.9
       109       0.81        1.9
       111       0.65        1.9
       113      -0.91        1.9
       115       0.91        1.9
       117       0.96        1.6
       119      -2.52        1.6
       121      -1.01        1.6
       123       2.01        1.6
       125       4.83        1.6
       127       4.58        1.6
       129       1.26        1.3
       131       1.01        1.3
       133      -1.26        1.3
       135       0.45        1.3
       137       0.15        1.3
       139      -0.91        1.3
       141      -0.81        1.1
       143      -1.41        1.1
       145       1.36        1.1
       147        0.5        1.1
       149      -0.45        1.1
       151       1.61        1.1
       153      -2.21        1.1
       155      -1.86        0.9
       157       1.76        0.9
       159       -0.5        0.9



#index 1
       101  0.0158104
   101.194  0.0160585
   101.388  0.0163124
   101.582  0.0165725
   101.776  0.0168388
    101.97  0.0171115
   102.164  0.0173909
   102.358  0.0176773
   102.552  0.0179707
   102.746  0.0182716
    102.94    0.01858
   103.134  0.0188963
   103.328  0.0192207
   103.522  0.0195536
   103.716  0.0198952
    103.91  0.0202458
   104.104  0.0206057
   104.298  0.0209753
   104.492   0.021355
   104.686   0.021745
    104.88  0.0221459
   105.074  0.0225579
   105.268  0.0229814
   105.462  0.0234171
   105.656  0.0238652
   105.849  0.0243263
   106.043  0.0248008
   106.237  0.0252894
   106.431  0.0257926
   106.625  0.0263109
   106.819   0.026845
   107.013  0.0273954
   107.207   0.027963
   107.401  0.0285484
   107.595  0.0291523
   107.789  0.0297756
   107.983   0.030419
   108.177  0.0310836
   108.371  0.0317701
   108.565  0.0324795
   108.759   0.033213
   108.953  0.0339716
   109.147  0.0347564
   109.341  0.0355687
   109.535  0.0364098
   109.729  0.0372811
   109.923  0.0381839
   110.117  0.0391199
   110.311  0.0400907
   110.505   0.041098
   110.699  0.0421437
   110.893  0.0432297
   111.087  0.0443582
   111.281  0.0455314
   111.475  0.0467517
   111.669  0.0480217
   111.863   0.049344
   112.057  0.0507215
   112.251  0.0521575
   112.445  0.0536551
   112.639  0.0552181
   112.833  0.0568503
   113.027  0.0585557
   113.221  0.0603388
   113.415  0.0622045
   113.609  0.0641579
   113.803  0.0662045
   113.997  0.0683503
   114.191  0.0706019
   114.385  0.0729663
   114.579  0.0754512
   114.773  0.0780648
   114.967  0.0808162
   115.161  0.0837152
   115.355  0.0867725
   115.548  0.0899999
   115.742    0.09341
   115.936  0.0970169
    116.13   0.100836
   116.324   0.104884
   116.518    0.10918
   116.712   0.113745
   116.906     0.1186
     117.1   0.123772
   117.294   0.129287
   117.488   0.135178
   117.682   0.141478
   117.876   0.148227
    118.07   0.155468
   118.264   0.163249
   118.458   0.171625
   118.652   0.180658
   118.846   0.190418
    119.04   0.200985
   119.234   0.212449
   119.428   0.224914
   119.622   0.238498
   119.816   0.253339
    120.01   0.269594
   120.204   0.287448
   120.398   0.307113
   120.592   0.328841
   120.786   0.352926
    120.98   0.379715
   121.174   0.409624
   121.368   0.443145
   121.562   0.480873
   121.756   0.523527
    121.95    0.57198
   122.144   0.627304
   122.338    0.69082
   122.532   0.764172
   122.726   0.849419
    122.92   0.949159
   123.114     1.0667
   123.308    1.20627
   123.502    1.37334
   123.696    1.57501
    123.89    1.82048
   124.084    2.12174
   124.278    2.49416
   124.472    2.95698
   124.666    3.53296
    124.86    4.24568
   125.054    5.11148
   125.247    6.12137
   125.441     7.2095
   125.635    8.21901
   125.829    8.90853
   126.023    9.05352
   126.217    8.60021
   126.411    7.70904
   126.605    6.63223
   126.799    5.57229
   126.993    4.63478
   127.187     3.8509
   127.381    3.21317
   127.575    2.69995
   127.769    2.28751
   127.963    1.95483
   128.157    1.68472
   128.351    1.46368
   128.545    1.28129
   128.739    1.12951
   128.933    1.00217
   129.127   0.894491
   129.321   0.802769
   129.515    0.72409
   129.709    0.65616
   129.903   0.597153
   130.097   0.545606
   130.291   0.500336
   130.485   0.460382
   130.679   0.424956
   130.873   0.393411
   131.067   0.365205
   131.261   0.339891
   131.455   0.317091
   131.649   0.296486
   131.843   0.277807
   132.037   0.260822
   132.231   0.245335
   132.425   0.231176
   132.619   0.218199
   132.813   0.206276
   133.007   0.195298
   133.201   0.185168
   133.395   0.175801
   133.589   0.167123
   133.783   0.159069
   133.977   0.151579
   134.171   0.144604
   134.365   0.138097
   134.559   0.132018
   134.753   0.126329
   134.946   0.120999
    135.14   0.115998
   135.334   0.111299
   135.528   0.106879
   135.722   0.102717
   135.916  0.0987915
    136.11  0.0950865
   136.304  0.0915853
   136.498  0.0882734
   136.692  0.0851374
   136.886  0.0821651
    137.08  0.0793453
   137.274  0.0766679
   137.468  0.0741233
   137.662   0.071703
   137.856  0.0693991
    138.05  0.0672042
   138.244  0.0651116
   138.438  0.0631149
   138.632  0.0612086
   138.826  0.0593871
    139.02  0.0576456
   139.214  0.0559794
   139.408  0.0543842
   139.602  0.0528562
   139.796  0.0513916
    139.99  0.0499869
   140.184  0.0486389
   140.378  0.0473446
   140.572  0.0461012
   140.766  0.0449061
    140.96  0.0437568
   141.154   0.042651
   141.348  0.0415865
   141.542  0.0405613
   141.736  0.0395735
    141.93  0.0386213
   142.124   0.037703
   142.318  0.0368171
   142.512  0.0359619
   142.706  0.0351362
     142.9  0.0343386
   143.094  0.0335678
   143.288  0.0328226
   143.482  0.0321019
   143.676  0.0314047
    143.87  0.0307299
   144.064  0.0300766
   144.258  0.0294439
   144.452   0.028831
   144.645  0.0282369
   144.839  0.0276611
   145.033  0.0271026
   145.227  0.0265609
   145.421  0.0260352
   145.615   0.025525
   145.809  0.0250296
   146.003  0.0245485
   146.197  0.0240811
   146.391  0.0236269
   146.585  0.0231855
   146.779  0.0227562
   146.973  0.0223388
   147.167  0.0219328
   147.361  0.0215377
   147.555  0.0211532
   147.749  0.0207789
   147.943  0.0204144
   148.137  0.0200595
   148.331  0.0197137
   148.525  0.0193767
   148.719  0.0190483
   148.913  0.0187282
   149.107  0.0184161
   149.301  0.0181117
   149.495  0.0178148
   149.689  0.0175252
   149.883  0.0172425
   150.077  0.0169666
   150.271  0.0166973
   150.465  0.0164344
   150.659  0.0161776
   150.853  0.0159267
   151.047  0.0156817
   151.241  0.0154423
   151.435  0.0152083
   151.629  0.0149795
   151.823  0.0147559
   152.017  0.0145373
   152.211  0.0143235
   152.405  0.0141143
   152.599  0.0139098
   152.793  0.0137096
   152.987  0.0135137
   153.181   0.013322
   153.375  0.0131343
   153.569  0.0129506
   153.763  0.0127707
   153.957  0.0125945
   154.151  0.0124219
   154.344  0.0122529
   154.538  0.0120872
   154.732   0.011925
   154.926  0.0117659
    155.12    0.01161
   155.314  0.0114572
   155.508  0.0113074
   155.702  0.0111605
   155.896  0.0110165
    156.09  0.0108752
   156.284  0.0107366
   156.478  0.0106007
   156.672  0.0104673
   156.866  0.0103364
    157.06  0.0102079
   157.254  0.0100819
   157.448 0.00995813
   157.642 0.00983665
   157.836 0.00971738
    158.03 0.00960026
   158.224 0.00948525
   158.418 0.00937228
   158.612 0.00926133
   158.806 0.00915233
       159 0.00904525
