-3.14 -2.85763e-05
-3.01184 -0.000107917
-2.88367 -0.000234488
-2.75551 -0.000301171
-2.62735 4.34328e-07
-2.49918 0.00115951
-2.37102 0.00346857
-2.24286 0.00613519
-2.11469 0.00624118
-1.98653 -0.00121521
-1.85837 -0.0204693
-1.7302 -0.0488295
-1.60204 -0.0702952
-1.47388 -0.0561467
-1.34571 0.0204508
-1.21755 0.157466
-1.08939 0.301124
-0.961224 0.352627
-0.833061 0.218611
-0.704898 -0.113651
-0.576735 -0.528505
-0.448571 -0.813546
-0.320408 -0.774232
-0.192245 -0.366775
-0.0640816 0.246765
0.0640816 0.774642
0.192245 0.962992
0.320408 0.743768
0.448571 0.263387
0.576735 -0.220703
0.704898 -0.496206
0.833061 -0.499438
0.961224 -0.312479
1.08939 -0.0800691
1.21755 0.0832524
1.34571 0.138991
1.47388 0.113491
1.60204 0.0573827
1.7302 0.0101
1.85837 -0.0134127
1.98653 -0.0170326
2.11469 -0.0112992
2.24286 -0.00460272
2.37102 -0.000506607
2.49918 0.000929879
2.62735 0.000913495
2.75551 0.000492851
2.88367 0.000161115
3.01184 8.95378e-06
3.14 -2.78762e-05
