-3.14 -0.131428
-3.12438 -0.120425
-3.10875 -0.109726
-3.09313 -0.0993424
-3.0775 -0.089282
-3.06188 -0.0795536
-3.04625 -0.070165
-3.03063 -0.0611236
-3.015 -0.0524359
-2.99938 -0.0441079
-2.98375 -0.036145
-2.96813 -0.0285519
-2.9525 -0.0213326
-2.93688 -0.0144904
-2.92125 -0.00802801
-2.90563 -0.00194742
-2.89 0.00375009
-2.87438 0.00906392
-2.85875 0.0139942
-2.84313 0.0185417
-2.8275 0.0227078
-2.81188 0.0264948
-2.79625 0.0299056
-2.78063 0.0329435
-2.765 0.0356129
-2.74938 0.0379186
-2.73375 0.0398661
-2.71813 0.0414615
-2.7025 0.0427117
-2.68688 0.0436239
-2.67125 0.0442063
-2.65563 0.0444674
-2.64 0.0444163
-2.62438 0.0440627
-2.60875 0.0434168
-2.59313 0.0424893
-2.5775 0.0412914
-2.56188 0.0398349
-2.54625 0.0381317
-2.53063 0.0361944
-2.515 0.0340358
-2.49938 0.0316693
-2.48375 0.0291084
-2.46813 0.0263671
-2.4525 0.0234594
-2.43688 0.0203998
-2.42125 0.0172029
-2.40563 0.0138836
-2.39 0.0104569
-2.37438 0.00693775
-2.35875 0.00334149
-2.34313 -0.000316635
-2.3275 -0.00402133
-2.31188 -0.0077573
-2.29625 -0.0115092
-2.28063 -0.0152619
-2.265 -0.0190003
-2.24938 -0.0227093
-2.23375 -0.026374
-2.21813 -0.0299799
-2.2025 -0.0335124
-2.18688 -0.0369573
-2.17125 -0.0403007
-2.15563 -0.043529
-2.14 -0.0466288
-2.12438 -0.0495872
-2.10875 -0.0523915
-2.09313 -0.0550297
-2.0775 -0.0574899
-2.06188 -0.059761
-2.04625 -0.061832
-2.03063 -0.0636927
-2.015 -0.0653333
-1.99938 -0.0667445
-1.98375 -0.0679177
-1.96813 -0.0688447
-1.9525 -0.069518
-1.93688 -0.0699308
-1.92125 -0.0700767
-1.90563 -0.0699501
-1.89 -0.069546
-1.87438 -0.0688601
-1.85875 -0.0678886
-1.84313 -0.0666285
-1.8275 -0.0650776
-1.81188 -0.0632341
-1.79625 -0.0610972
-1.78063 -0.0586665
-1.765 -0.0559425
-1.74938 -0.0529262
-1.73375 -0.0496195
-1.71813 -0.0460249
-1.7025 -0.0421455
-1.68688 -0.0379851
-1.67125 -0.0335483
-1.65563 -0.0288403
-1.64 -0.0238668
-1.62438 -0.0186345
-1.60875 -0.0131504
-1.59313 -0.0074224
-1.5775 -0.00145882
-1.56188 0.00473124
-1.54625 0.0111381
-1.53063 0.0177514
-1.515 0.0245603
-1.49938 0.0315531
-1.48375 0.0387177
-1.46813 0.0460411
-1.4525 0.0535097
-1.43688 0.0611093
-1.42125 0.0688249
-1.40563 0.0766406
-1.39 0.0845399
-1.37438 0.092505
-1.35875 0.100517
-1.34313 0.108558
-1.3275 0.116605
-1.31188 0.124636
-1.29625 0.132629
-1.28063 0.140557
-1.265 0.148394
-1.24938 0.156109
-1.23375 0.163673
-1.21813 0.171051
-1.2025 0.178206
-1.18688 0.185099
-1.17125 0.191685
-1.15563 0.19792
-1.14 0.203752
-1.12438 0.209127
-1.10875 0.213985
-1.09313 0.218263
-1.0775 0.221892
-1.06188 0.224798
-1.04625 0.226904
-1.03063 0.228124
-1.015 0.228371
-0.999375 0.22755
-0.98375 0.225565
-0.968125 0.222313
-0.9525 0.21769
-0.936875 0.211587
-0.92125 0.203897
-0.905625 0.194511
-0.89 0.183321
-0.874375 0.170223
-0.85875 0.155119
-0.843125 0.137917
-0.8275 0.118535
-0.811875 0.0969018
-0.79625 0.0729634
-0.780625 0.046682
-0.765 0.0180406
-0.749375 -0.0129546
-0.73375 -0.0462706
-0.718125 -0.0818457
-0.7025 -0.119586
-0.686875 -0.159365
-0.67125 -0.201018
-0.655625 -0.244343
-0.64 -0.289102
-0.624375 -0.335014
-0.60875 -0.38176
-0.593125 -0.428985
-0.5775 -0.476294
-0.561875 -0.52326
-0.54625 -0.569425
-0.530625 -0.614302
-0.515 -0.657385
-0.499375 -0.698151
-0.48375 -0.736068
-0.468125 -0.770601
-0.4525 -0.801223
-0.436875 -0.827419
-0.42125 -0.848698
-0.405625 -0.864601
-0.39 -0.874707
-0.374375 -0.878646
-0.35875 -0.876105
-0.343125 -0.866836
-0.3275 -0.850661
-0.311875 -0.827482
-0.29625 -0.79728
-0.280625 -0.760124
-0.265 -0.71617
-0.249375 -0.665662
-0.23375 -0.608933
-0.218125 -0.546398
-0.2025 -0.478554
-0.186875 -0.405975
-0.17125 -0.329299
-0.155625 -0.249227
-0.14 -0.166508
-0.124375 -0.0819303
-0.10875 0.00368949
-0.093125 0.0895191
-0.0775 0.174723
-0.061875 0.258474
-0.04625 0.339966
-0.030625 0.418426
-0.015 0.493126
0.000625 0.56339
0.01625 0.628607
0.031875 0.688235
0.0475 0.741813
0.063125 0.78896
0.07875 0.829383
0.094375 0.862874
0.11 0.889317
0.125625 0.908681
0.14125 0.921019
0.156875 0.926467
0.1725 0.925232
0.188125 0.917594
0.20375 0.903892
0.219375 0.884519
0.235 0.859915
0.250625 0.830555
0.26625 0.796942
0.281875 0.759599
0.2975 0.71906
0.313125 0.67586
0.32875 0.63053
0.344375 0.583588
0.36 0.535534
0.375625 0.486845
0.39125 0.437969
0.406875 0.38932
0.4225 0.341279
0.438125 0.294188
0.45375 0.248351
0.469375 0.204034
0.485 0.161461
0.500625 0.12082
0.51625 0.0822609
0.531875 0.0458995
0.5475 0.0118176
0.563125 -0.0199335
0.57875 -0.04933
0.594375 -0.0763734
0.61 -0.101087
0.625625 -0.123515
0.64125 -0.143715
0.656875 -0.16176
0.6725 -0.177735
0.688125 -0.191732
0.70375 -0.203849
0.719375 -0.21419
0.735 -0.222859
0.750625 -0.229964
0.76625 -0.235609
0.781875 -0.239898
0.7975 -0.242932
0.813125 -0.24481
0.82875 -0.245623
0.844375 -0.245462
0.86 -0.244409
0.875625 -0.242545
0.89125 -0.239943
0.906875 -0.236673
0.9225 -0.232797
0.938125 -0.228377
0.95375 -0.223467
0.969375 -0.218117
0.985 -0.212375
1.00062 -0.206283
1.01625 -0.199882
1.03187 -0.193207
1.0475 -0.186293
1.06312 -0.17917
1.07875 -0.171869
1.09437 -0.164416
1.11 -0.156835
1.12562 -0.149152
1.14125 -0.141386
1.15687 -0.133561
1.1725 -0.125694
1.18812 -0.117805
1.20375 -0.109912
1.21937 -0.102031
1.235 -0.094179
1.25062 -0.0863715
1.26625 -0.0786233
1.28187 -0.070949
1.2975 -0.0633624
1.31312 -0.0558768
1.32875 -0.0485054
1.34437 -0.0412604
1.36 -0.0341539
1.37562 -0.0271974
1.39125 -0.020402
1.40687 -0.0137783
1.4225 -0.00733647
1.43812 -0.00108621
1.45375 0.00496327
1.46937 0.0108032
1.485 0.0164255
1.50062 0.0218222
1.51625 0.0269862
1.53187 0.0319109
1.5475 0.0365899
1.56312 0.0410178
1.57875 0.0451894
1.59437 0.0491002
1.61 0.0527462
1.62562 0.0561241
1.64125 0.059231
1.65687 0.0620648
1.6725 0.0646236
1.68812 0.0669066
1.70375 0.0689132
1.71937 0.0706434
1.735 0.0720981
1.75062 0.0732784
1.76625 0.0741863
1.78187 0.0748242
1.7975 0.075195
1.81312 0.0753024
1.82875 0.0751505
1.84437 0.074744
1.86 0.0740882
1.87562 0.0731888
1.89125 0.0720522
1.90687 0.0706851
1.9225 0.0690949
1.93812 0.0672893
1.95375 0.0652767
1.96937 0.0630658
1.985 0.0606658
2.00062 0.0580863
2.01625 0.0553372
2.03187 0.052429
2.0475 0.0493724
2.06312 0.0461786
2.07875 0.042859
2.09437 0.0394253
2.11 0.0358895
2.12562 0.0322641
2.14125 0.0285614
2.15687 0.0247944
2.1725 0.0209758
2.18812 0.0171188
2.20375 0.0132368
2.21937 0.00934298
2.235 0.00545093
2.25062 0.00157418
2.26625 -0.00227369
2.28187 -0.00607906
2.2975 -0.00982832
2.31312 -0.0135079
2.32875 -0.0171043
2.34437 -0.020604
2.36 -0.0239937
2.37562 -0.0272603
2.39125 -0.0303906
2.40687 -0.0333718
2.4225 -0.0361912
2.43812 -0.0388365
2.45375 -0.0412953
2.46937 -0.0435558
2.485 -0.0456064
2.50062 -0.0474358
2.51625 -0.049033
2.53187 -0.0503873
2.5475 -0.0514887
2.56312 -0.0523271
2.57875 -0.0528933
2.59437 -0.0531782
2.61 -0.0531734
2.62562 -0.0528706
2.64125 -0.0522624
2.65687 -0.0513417
2.6725 -0.0501019
2.68812 -0.0485368
2.70375 -0.0466411
2.71937 -0.0444096
2.735 -0.041838
2.75062 -0.0389224
2.76625 -0.0356594
2.78187 -0.0320464
2.7975 -0.0280811
2.81312 -0.023762
2.82875 -0.0190882
2.84437 -0.0140591
2.86 -0.00867502
2.87562 -0.0029367
2.89125 0.0031545
2.90687 0.00959662
2.9225 0.0163871
2.93812 0.023523
2.95375 0.0310004
2.96937 0.0388152
2.985 0.0469626
3.00062 0.0554371
3.01625 0.064233
3.03187 0.0733438
3.0475 0.0827626
3.06312 0.0924818
3.07875 0.102494
3.09437 0.11279
3.11 0.123361
3.12562 0.134198
