-3.14 0.944314
-3.12438 0.918365
-3.10875 0.891573
-3.09313 0.863986
-3.0775 0.835655
-3.06188 0.80663
-3.04625 0.776963
-3.03063 0.746709
-3.015 0.715921
-2.99938 0.684656
-2.98375 0.652969
-2.96813 0.620919
-2.9525 0.588563
-2.93688 0.555961
-2.92125 0.523171
-2.90563 0.490253
-2.89 0.457267
-2.87438 0.424273
-2.85875 0.39133
-2.84313 0.358499
-2.8275 0.325839
-2.81188 0.293409
-2.79625 0.261268
-2.78063 0.229474
-2.765 0.198085
-2.74938 0.167158
-2.73375 0.136747
-2.71813 0.106908
-2.7025 0.0776946
-2.68688 0.0491585
-2.67125 0.0213507
-2.65563 -0.00567938
-2.64 -0.0318839
-2.62438 -0.0572168
-2.60875 -0.0816337
-2.59313 -0.105092
-2.5775 -0.127552
-2.56188 -0.148974
-2.54625 -0.169322
-2.53063 -0.188562
-2.515 -0.206662
-2.49938 -0.223593
-2.48375 -0.239327
-2.46813 -0.25384
-2.4525 -0.26711
-2.43688 -0.279116
-2.42125 -0.289841
-2.40563 -0.299273
-2.39 -0.307397
-2.37438 -0.314206
-2.35875 -0.319692
-2.34313 -0.323853
-2.3275 -0.326688
-2.31188 -0.328197
-2.29625 -0.328386
-2.28063 -0.327261
-2.265 -0.324833
-2.24938 -0.321114
-2.23375 -0.31612
-2.21813 -0.309867
-2.2025 -0.302378
-2.18688 -0.293674
-2.17125 -0.283781
-2.15563 -0.272727
-2.14 -0.260542
-2.12438 -0.24726
-2.10875 -0.232914
-2.09313 -0.217542
-2.0775 -0.201184
-2.06188 -0.183879
-2.04625 -0.165672
-2.03063 -0.146607
-2.015 -0.126732
-1.99938 -0.106094
-1.98375 -0.0847432
-1.96813 -0.0627316
-1.9525 -0.0401118
-1.93688 -0.0169378
-1.92125 0.00673527
-1.90563 0.0308512
-1.89 0.0553528
-1.87438 0.0801823
-1.85875 0.105281
-1.84313 0.13059
-1.8275 0.15605
-1.81188 0.1816
-1.79625 0.207181
-1.78063 0.232732
-1.765 0.258193
-1.74938 0.283505
-1.73375 0.308608
-1.71813 0.333442
-1.7025 0.357948
-1.68688 0.382068
-1.67125 0.405745
-1.65563 0.428922
-1.64 0.451543
-1.62438 0.473553
-1.60875 0.494898
-1.59313 0.515525
-1.5775 0.535382
-1.56188 0.55442
-1.54625 0.572588
-1.53063 0.589839
-1.515 0.606125
-1.49938 0.6214
-1.48375 0.635621
-1.46813 0.648742
-1.4525 0.660721
-1.43688 0.671516
-1.42125 0.681086
-1.40563 0.689388
-1.39 0.696381
-1.37438 0.702024
-1.35875 0.706274
-1.34313 0.709088
-1.3275 0.710423
-1.31188 0.710231
-1.29625 0.708463
-1.28063 0.70507
-1.265 0.699994
-1.24938 0.69318
-1.23375 0.684563
-1.21813 0.674076
-1.2025 0.661647
-1.18688 0.647198
-1.17125 0.630646
-1.15563 0.6119
-1.14 0.590867
-1.12438 0.567446
-1.10875 0.541531
-1.09313 0.513015
-1.0775 0.481786
-1.06188 0.447729
-1.04625 0.410733
-1.03063 0.370689
-1.015 0.327492
-0.999375 0.281046
-0.98375 0.231271
-0.968125 0.178099
-0.9525 0.121486
-0.936875 0.0614136
-0.92125 -0.00210453
-0.905625 -0.0690183
-0.89 -0.139234
-0.874375 -0.212611
-0.85875 -0.288951
-0.843125 -0.368
-0.8275 -0.449435
-0.811875 -0.532866
-0.79625 -0.61783
-0.780625 -0.703789
-0.765 -0.790126
-0.749375 -0.876151
-0.73375 -0.961095
-0.718125 -1.04412
-0.7025 -1.12433
-0.686875 -1.20075
-0.67125 -1.27239
-0.655625 -1.33818
-0.64 -1.39708
-0.624375 -1.44801
-0.60875 -1.4899
-0.593125 -1.52175
-0.5775 -1.54256
-0.561875 -1.55145
-0.54625 -1.54763
-0.530625 -1.53041
-0.515 -1.49926
-0.499375 -1.45381
-0.48375 -1.39387
-0.468125 -1.31946
-0.4525 -1.2308
-0.436875 -1.12834
-0.42125 -1.01276
-0.405625 -0.884958
-0.39 -0.746088
-0.374375 -0.597505
-0.35875 -0.440779
-0.343125 -0.277669
-0.3275 -0.110105
-0.311875 0.0598459
-0.29625 0.230004
-0.280625 0.398115
-0.265 0.56189
-0.249375 0.719042
-0.23375 0.867328
-0.218125 1.00459
-0.2025 1.12881
-0.186875 1.2381
-0.17125 1.33082
-0.155625 1.40554
-0.14 1.4611
-0.124375 1.49661
-0.10875 1.51152
-0.093125 1.50557
-0.0775 1.47884
-0.061875 1.43171
-0.04625 1.36489
-0.030625 1.27938
-0.015 1.17647
0.000625 1.05768
0.01625 0.92479
0.031875 0.779724
0.0475 0.624581
0.063125 0.461564
0.07875 0.292942
0.094375 0.121015
0.11 -0.0519364
0.125625 -0.22368
0.14125 -0.392076
0.156875 -0.555107
0.1725 -0.710909
0.188125 -0.857797
0.20375 -0.994284
0.219375 -1.1191
0.235 -1.23119
0.250625 -1.32976
0.26625 -1.4142
0.281875 -1.48416
0.2975 -1.53952
0.313125 -1.58033
0.32875 -1.60687
0.344375 -1.61956
0.36 -1.61901
0.375625 -1.60593
0.39125 -1.58117
0.406875 -1.54566
0.4225 -1.50038
0.438125 -1.44637
0.45375 -1.38471
0.469375 -1.31644
0.485 -1.24263
0.500625 -1.16431
0.51625 -1.08246
0.531875 -0.998013
0.5475 -0.911848
0.563125 -0.824766
0.57875 -0.737503
0.594375 -0.650713
0.61 -0.564979
0.625625 -0.480804
0.64125 -0.398619
0.656875 -0.318783
0.6725 -0.241589
0.688125 -0.167265
0.70375 -0.0959842
0.719375 -0.0278673
0.735 0.037011
0.750625 0.098616
0.76625 0.156947
0.781875 0.212033
0.7975 0.263925
0.813125 0.312695
0.82875 0.358428
0.844375 0.401219
0.86 0.441173
0.875625 0.478395
0.89125 0.512993
0.906875 0.545075
0.9225 0.574747
0.938125 0.602109
0.95375 0.627258
0.969375 0.650284
0.985 0.671273
1.00062 0.690304
1.01625 0.707449
1.03187 0.722775
1.0475 0.736343
1.06312 0.748209
1.07875 0.758423
1.09437 0.767032
1.11 0.774078
1.12562 0.779601
1.14125 0.783636
1.15687 0.786216
1.1725 0.787375
1.18812 0.787142
1.20375 0.785546
1.21937 0.782616
1.235 0.77838
1.25062 0.772867
1.26625 0.766104
1.28187 0.758122
1.2975 0.748949
1.31312 0.738616
1.32875 0.727155
1.34437 0.714598
1.36 0.700979
1.37562 0.686333
1.39125 0.670696
1.40687 0.654105
1.4225 0.636601
1.43812 0.618222
1.45375 0.599011
1.46937 0.57901
1.485 0.558264
1.50062 0.536816
1.51625 0.514715
1.53187 0.492006
1.5475 0.468738
1.56312 0.444961
1.57875 0.420725
1.59437 0.39608
1.61 0.371077
1.62562 0.345769
1.64125 0.320209
1.65687 0.294449
1.6725 0.268542
1.68812 0.242543
1.70375 0.216503
1.71937 0.190478
1.735 0.164521
1.75062 0.138684
1.76625 0.113022
1.78187 0.0875868
1.7975 0.0624306
1.81312 0.0376052
1.82875 0.0131619
1.84437 -0.010849
1.86 -0.0343779
1.87562 -0.0573763
1.89125 -0.0797964
1.90687 -0.101592
1.9225 -0.122717
1.93812 -0.143128
1.95375 -0.162782
1.96937 -0.181637
1.985 -0.199654
2.00062 -0.216794
2.01625 -0.233021
2.03187 -0.2483
2.0475 -0.262597
2.06312 -0.275882
2.07875 -0.288124
2.09437 -0.299296
2.11 -0.309372
2.12562 -0.318329
2.14125 -0.326146
2.15687 -0.332803
2.1725 -0.338282
2.18812 -0.34257
2.20375 -0.345652
2.21937 -0.347519
2.235 -0.348163
2.25062 -0.347576
2.26625 -0.345756
2.28187 -0.342701
2.2975 -0.338411
2.31312 -0.332891
2.32875 -0.326144
2.34437 -0.31818
2.36 -0.309007
2.37562 -0.298639
2.39125 -0.287088
2.40687 -0.274373
2.4225 -0.260512
2.43812 -0.245524
2.45375 -0.229434
2.46937 -0.212267
2.485 -0.194049
2.50062 -0.174808
2.51625 -0.154577
2.53187 -0.133387
2.5475 -0.111273
2.56312 -0.0882707
2.57875 -0.0644179
2.59437 -0.0397538
2.61 -0.0143192
2.62562 0.0118438
2.64125 0.0386918
2.65687 0.06618
2.6725 0.0942626
2.68812 0.122893
2.70375 0.152022
2.71937 0.181602
2.735 0.211583
2.75062 0.241914
2.76625 0.272545
2.78187 0.303423
2.7975 0.334498
2.81312 0.365716
2.82875 0.397025
2.84437 0.428372
2.86 0.459704
2.87562 0.490969
2.89125 0.522114
2.90687 0.553087
2.9225 0.583835
2.93812 0.614307
2.95375 0.644451
2.96937 0.674218
2.985 0.703557
3.00062 0.732418
3.01625 0.760755
3.03187 0.78852
3.0475 0.815665
3.06312 0.842147
3.07875 0.867921
3.09437 0.892945
3.11 0.917176
3.12562 0.940576
