-3.14 -1.08448
-3.12438 -1.08584
-3.10875 -1.08707
-3.09313 -1.08818
-3.0775 -1.08917
-3.06188 -1.09004
-3.04625 -1.0908
-3.03063 -1.09145
-3.015 -1.09199
-2.99938 -1.09244
-2.98375 -1.09278
-2.96813 -1.09304
-2.9525 -1.0932
-2.93688 -1.09328
-2.92125 -1.09328
-2.90563 -1.09321
-2.89 -1.09307
-2.87438 -1.09286
-2.85875 -1.09258
-2.84313 -1.09226
-2.8275 -1.09187
-2.81188 -1.09144
-2.79625 -1.09097
-2.78063 -1.09046
-2.765 -1.08991
-2.74938 -1.08933
-2.73375 -1.08872
-2.71813 -1.08809
-2.7025 -1.08744
-2.68688 -1.08678
-2.67125 -1.08611
-2.65563 -1.08543
-2.64 -1.08474
-2.62438 -1.08406
-2.60875 -1.08338
-2.59313 -1.08271
-2.5775 -1.08205
-2.56188 -1.0814
-2.54625 -1.08077
-2.53063 -1.08016
-2.515 -1.07957
-2.49938 -1.07901
-2.48375 -1.07847
-2.46813 -1.07797
-2.4525 -1.07749
-2.43688 -1.07705
-2.42125 -1.07664
-2.40563 -1.07627
-2.39 -1.07594
-2.37438 -1.07564
-2.35875 -1.07539
-2.34313 -1.07518
-2.3275 -1.07501
-2.31188 -1.07488
-2.29625 -1.0748
-2.28063 -1.07476
-2.265 -1.07476
-2.24938 -1.0748
-2.23375 -1.07489
-2.21813 -1.07502
-2.2025 -1.07519
-2.18688 -1.07539
-2.17125 -1.07564
-2.15563 -1.07593
-2.14 -1.07626
-2.12438 -1.07662
-2.10875 -1.07701
-2.09313 -1.07743
-2.0775 -1.07789
-2.06188 -1.07837
-2.04625 -1.07888
-2.03063 -1.07941
-2.015 -1.07996
-1.99938 -1.08054
-1.98375 -1.08112
-1.96813 -1.08172
-1.9525 -1.08233
-1.93688 -1.08295
-1.92125 -1.08357
-1.90563 -1.08419
-1.89 -1.08482
-1.87438 -1.08543
-1.85875 -1.08604
-1.84313 -1.08664
-1.8275 -1.08722
-1.81188 -1.08778
-1.79625 -1.08832
-1.78063 -1.08884
-1.765 -1.08932
-1.74938 -1.08978
-1.73375 -1.0902
-1.71813 -1.09058
-1.7025 -1.09092
-1.68688 -1.09122
-1.67125 -1.09147
-1.65563 -1.09166
-1.64 -1.0918
-1.62438 -1.09189
-1.60875 -1.09191
-1.59313 -1.09187
-1.5775 -1.09176
-1.56188 -1.09159
-1.54625 -1.09134
-1.53063 -1.09102
-1.515 -1.09063
-1.49938 -1.09015
-1.48375 -1.0896
-1.46813 -1.08896
-1.4525 -1.08824
-1.43688 -1.08744
-1.42125 -1.08655
-1.40563 -1.08557
-1.39 -1.0845
-1.37438 -1.08335
-1.35875 -1.08211
-1.34313 -1.08078
-1.3275 -1.07936
-1.31188 -1.07785
-1.29625 -1.07626
-1.28063 -1.07458
-1.265 -1.07283
-1.24938 -1.071
-1.23375 -1.06909
-1.21813 -1.06711
-1.2025 -1.06508
-1.18688 -1.06298
-1.17125 -1.06084
-1.15563 -1.05866
-1.14 -1.05646
-1.12438 -1.05423
-1.10875 -1.05201
-1.09313 -1.0498
-1.0775 -1.04763
-1.06188 -1.0455
-1.04625 -1.04346
-1.03063 -1.04152
-1.015 -1.03971
-0.999375 -1.03806
-0.98375 -1.03662
-0.968125 -1.03541
-0.9525 -1.03448
-0.936875 -1.03388
-0.92125 -1.03366
-0.905625 -1.03387
-0.89 -1.03456
-0.874375 -1.03581
-0.85875 -1.03768
-0.843125 -1.04022
-0.8275 -1.04353
-0.811875 -1.04767
-0.79625 -1.05271
-0.780625 -1.05874
-0.765 -1.06584
-0.749375 -1.07408
-0.73375 -1.08355
-0.718125 -1.09432
-0.7025 -1.10647
-0.686875 -1.12006
-0.67125 -1.13516
-0.655625 -1.15183
-0.64 -1.17011
-0.624375 -1.19005
-0.60875 -1.21167
-0.593125 -1.23498
-0.5775 -1.25999
-0.561875 -1.28668
-0.54625 -1.31502
-0.530625 -1.34496
-0.515 -1.37643
-0.499375 -1.40934
-0.48375 -1.44359
-0.468125 -1.47904
-0.4525 -1.51554
-0.436875 -1.55294
-0.42125 -1.59103
-0.405625 -1.62962
-0.39 -1.66849
-0.374375 -1.70739
-0.35875 -1.74608
-0.343125 -1.78429
-0.3275 -1.82177
-0.311875 -1.85823
-0.29625 -1.89341
-0.280625 -1.92703
-0.265 -1.95882
-0.249375 -1.98852
-0.23375 -2.01588
-0.218125 -2.04067
-0.2025 -2.06267
-0.186875 -2.08169
-0.17125 -2.09755
-0.155625 -2.1101
-0.14 -2.11924
-0.124375 -2.12486
-0.10875 -2.12693
-0.093125 -2.1254
-0.0775 -2.12028
-0.061875 -2.11163
-0.04625 -2.0995
-0.030625 -2.084
-0.015 -2.06526
0.000625 -2.04345
0.01625 -2.01873
0.031875 -1.99132
0.0475 -1.96145
0.063125 -1.92935
0.07875 -1.89528
0.094375 -1.85951
0.11 -1.82231
0.125625 -1.78395
0.14125 -1.74471
0.156875 -1.70486
0.1725 -1.66466
0.188125 -1.62438
0.20375 -1.58425
0.219375 -1.54451
0.235 -1.50537
0.250625 -1.46704
0.26625 -1.42969
0.281875 -1.39348
0.2975 -1.35856
0.313125 -1.32504
0.32875 -1.29302
0.344375 -1.26259
0.36 -1.23381
0.375625 -1.20672
0.39125 -1.18134
0.406875 -1.15769
0.4225 -1.13575
0.438125 -1.11551
0.45375 -1.09694
0.469375 -1.07999
0.485 -1.06461
0.500625 -1.05075
0.51625 -1.03832
0.531875 -1.02728
0.5475 -1.01753
0.563125 -1.009
0.57875 -1.00162
0.594375 -0.995295
0.61 -0.989956
0.625625 -0.985524
0.64125 -0.981922
0.656875 -0.979076
0.6725 -0.976917
0.688125 -0.975375
0.70375 -0.974389
0.719375 -0.973897
0.735 -0.973843
0.750625 -0.974174
0.76625 -0.974843
0.781875 -0.975804
0.7975 -0.977015
0.813125 -0.97844
0.82875 -0.980044
0.844375 -0.981796
0.86 -0.983668
0.875625 -0.985634
0.89125 -0.987673
0.906875 -0.989764
0.9225 -0.99189
0.938125 -0.994033
0.95375 -0.996181
0.969375 -0.998321
0.985 -1.00044
1.00062 -1.00253
1.01625 -1.00459
1.03187 -1.0066
1.0475 -1.00857
1.06312 -1.01047
1.07875 -1.01232
1.09437 -1.0141
1.11 -1.01582
1.12562 -1.01747
1.14125 -1.01904
1.15687 -1.02054
1.1725 -1.02197
1.18812 -1.02332
1.20375 -1.0246
1.21937 -1.02579
1.235 -1.02691
1.25062 -1.02795
1.26625 -1.02892
1.28187 -1.02981
1.2975 -1.03062
1.31312 -1.03136
1.32875 -1.03202
1.34437 -1.03262
1.36 -1.03314
1.37562 -1.03359
1.39125 -1.03397
1.40687 -1.03429
1.4225 -1.03454
1.43812 -1.03473
1.45375 -1.03485
1.46937 -1.03493
1.485 -1.03494
1.50062 -1.0349
1.51625 -1.03481
1.53187 -1.03467
1.5475 -1.03449
1.56312 -1.03426
1.57875 -1.03399
1.59437 -1.03368
1.61 -1.03334
1.62562 -1.03296
1.64125 -1.03256
1.65687 -1.03213
1.6725 -1.03167
1.68812 -1.0312
1.70375 -1.0307
1.71937 -1.03019
1.735 -1.02967
1.75062 -1.02914
1.76625 -1.02861
1.78187 -1.02807
1.7975 -1.02753
1.81312 -1.02699
1.82875 -1.02646
1.84437 -1.02594
1.86 -1.02543
1.87562 -1.02492
1.89125 -1.02444
1.90687 -1.02397
1.9225 -1.02353
1.93812 -1.0231
1.95375 -1.0227
1.96937 -1.02233
1.985 -1.02199
2.00062 -1.02167
2.01625 -1.02139
2.03187 -1.02114
2.0475 -1.02093
2.06312 -1.02076
2.07875 -1.02062
2.09437 -1.02053
2.11 -1.02047
2.12562 -1.02046
2.14125 -1.02048
2.15687 -1.02056
2.1725 -1.02067
2.18812 -1.02083
2.20375 -1.02103
2.21937 -1.02127
2.235 -1.02156
2.25062 -1.02189
2.26625 -1.02227
2.28187 -1.02268
2.2975 -1.02314
2.31312 -1.02364
2.32875 -1.02418
2.34437 -1.02476
2.36 -1.02538
2.37562 -1.02603
2.39125 -1.02671
2.40687 -1.02743
2.4225 -1.02818
2.43812 -1.02896
2.45375 -1.02976
2.46937 -1.03059
2.485 -1.03144
2.50062 -1.03231
2.51625 -1.0332
2.53187 -1.0341
2.5475 -1.03501
2.56312 -1.03593
2.57875 -1.03685
2.59437 -1.03777
2.61 -1.0387
2.62562 -1.03961
2.64125 -1.04052
2.65687 -1.04142
2.6725 -1.0423
2.68812 -1.04317
2.70375 -1.044
2.71937 -1.04482
2.735 -1.0456
2.75062 -1.04634
2.76625 -1.04705
2.78187 -1.04772
2.7975 -1.04833
2.81312 -1.0489
2.82875 -1.04941
2.84437 -1.04987
2.86 -1.05026
2.87562 -1.05058
2.89125 -1.05084
2.90687 -1.05102
2.9225 -1.05112
2.93812 -1.05113
2.95375 -1.05106
2.96937 -1.0509
2.985 -1.05065
3.00062 -1.0503
3.01625 -1.04985
3.03187 -1.04929
3.0475 -1.04862
3.06312 -1.04785
3.07875 -1.04695
3.09437 -1.04594
3.11 -1.04481
3.12562 -1.04355
