150   0.018405   0.004569
151   0.014338   0.004583
152   0.014129   0.004573
153   0.015398   0.004973
154   0.016004   0.004992
155   0.015445   0.005002
156   0.015568    0.00507
157   0.016043   0.005297
158   0.015851   0.005389
159    0.01717   0.005914
160   0.026244   0.011658
161   0.017495   0.006011
162   0.017469   0.005861
163   0.018556   0.006617
164   0.018291   0.006154
165   0.019142   0.006416
166   0.018906   0.006623
167    0.01965   0.006698
168   0.019352   0.006707
169   0.022253   0.007116
170   0.025671   0.007841
171    0.03153   0.013706
172   0.023381   0.007439
173   0.022247   0.007245
174   0.021933   0.007519
175      0.023   0.007568
176   0.024557   0.009532
177   0.023907   0.007892
178   0.024292    0.00852
179   0.026415   0.008943
180   0.025197   0.008728
181   0.025886    0.00877
182   0.025937   0.008854
183   0.028576   0.010282
184   0.026131   0.009446
185   0.028327   0.009796
186   0.028738   0.010327
187   0.028436   0.009954
188   0.028247   0.010039
189   0.029284     0.0103
190   0.030389   0.011025
191   0.033163   0.011834
192   0.047035   0.023939
193   0.033142   0.012233
194    0.03252   0.011913
195   0.033155   0.012324
196   0.037149   0.011769
197   0.034634   0.013589
198   0.033956   0.012474
199   0.035813   0.013134
200   0.034114    0.01273
201   0.037319    0.01366
202   0.035544   0.012993
203    0.03636   0.013269
204    0.03959   0.013554
205   0.050146   0.022203
206   0.039656    0.01436
207   0.039476   0.014248
208   0.040534   0.016385
209   0.041182   0.014927
210    0.04038   0.015105
211   0.041652   0.015792
212   0.042265   0.015843
213    0.05467   0.021678
214   0.044957   0.017149
215   0.043999   0.016621
216   0.043445    0.01664
217   0.044808   0.016852
218   0.044645   0.017164
219   0.048724   0.018696
220   0.047913   0.017657
221   0.047816   0.018572
222   0.049347   0.018283
223   0.054688   0.020806
224   0.079141   0.034652
225   0.052037   0.020036
226   0.051033   0.019476
227   0.052172   0.020095
228   0.053051    0.01985
229   0.052676   0.020298
230   0.065073   0.021563
231    0.05508   0.021514
232   0.054074   0.021054
233   0.056131   0.022122
234   0.056037   0.022061
235   0.059172   0.023004
236   0.057251    0.02193
237   0.058163   0.022728
238   0.060182   0.023699
239   0.059673   0.023867
240   0.062127     0.0257
241   0.061461   0.024426
242    0.06242   0.024758
243   0.063899   0.025114
244   0.063481   0.024704
245   0.064394   0.025714
246   0.065068   0.025645
247   0.065465   0.025802
248   0.066499   0.026142
249   0.067172   0.026603
250   0.068141   0.026915
251   0.070466   0.027552
252   0.073002   0.028927
253   0.080489   0.032798
254    0.08902   0.034056
255   0.106763   0.053621
256   0.131186   0.106837
257   0.110127   0.054894
258   0.093971   0.036176
259   0.085349   0.034517
260   0.079927    0.03205
261   0.078929   0.031348
262   0.078933   0.031369
263    0.07984   0.031978
264   0.080144   0.032008
265   0.082084   0.032496
266   0.082065   0.033044
267   0.083559   0.033428
268   0.084172   0.033461
269   0.087046   0.034776
270   0.087437   0.035227
271   0.087345   0.034854
272   0.089743   0.037863
273   0.089267   0.035841
274   0.092144   0.037375
275   0.091646   0.036747
276   0.092529   0.036661
277   0.097191   0.039255
278    0.09497   0.038513
279   0.095805   0.038814
280   0.095805   0.038584
281   0.099925   0.040444
282   0.101568   0.041341
283   0.099665   0.040106
284    0.10088   0.040363
285   0.103332   0.041512
286   0.102275   0.041205
287   0.106412   0.043236
288   0.159017    0.07401
289   0.108437   0.044069
290   0.106748   0.043041
291   0.110731     0.0448
292   0.110875   0.044415
293   0.117771   0.048082
294   0.111534   0.045524
295   0.113465   0.046177
296   0.113421   0.046092
297   0.116693   0.047505
298   0.121674   0.049963
299   0.151622   0.063159
