       0.1    9.51351    9.51351    9.51351
     0.225    4.05296    4.05296    4.05296
      0.35    2.54615    2.54615    2.54615
     0.475    1.86459    1.86459    1.86459
       0.6    1.48919    1.48919    1.48919
     0.725    1.26016    1.26016    1.26016
      0.85    1.11248    1.11248    1.11248
     0.975    1.01506    1.01506    1.01506
       1.1   0.951351   0.951351   0.951351
     1.225   0.911916   0.911916   0.911916
      1.35   0.891151   0.891151   0.891151
     1.475   0.885679   0.885679   0.885679
       1.6   0.893515   0.893515   0.893515
     1.725   0.913613   0.913613   0.913613
      1.85   0.945611   0.945611   0.945611
     1.975   0.989687   0.989687   0.989687
       2.1    1.04649    1.04649    1.04649
     2.225     1.1171     1.1171     1.1171
      2.35    1.20305    1.20305    1.20305
     2.475    1.30638    1.30638    1.30638
       2.6    1.42962    1.42962    1.42962
     2.725    1.57598    1.57598    1.57598
      2.85    1.74938    1.74938    1.74938
     2.975    1.95463    1.95463    1.95463
       3.1    2.19762    2.19762    2.19762
     3.225    2.48554    2.48554    2.48554
      3.35    2.82718    2.82718    2.82718
     3.475    3.23328    3.23328    3.23328
       3.6    3.71702    3.71702    3.71702
     3.725    4.29455    4.29455    4.29455
      3.85    4.98573    4.98573    4.98573
     3.975    5.81503    5.81503    5.81503
       4.1    6.81262    6.81262    6.81262
     4.225    8.01587    8.01587    8.01587
      4.35    9.47105    9.47105    9.47105
     4.475    11.2357    11.2357    11.2357
       4.6    13.3813    13.3813    13.3813
     4.725    15.9972    15.9972    15.9972
      4.85    19.1951    19.1951    19.1951
     4.975    23.1147    23.1147    23.1147
