    0.0001  9.999e-05
0.00810791 0.00804244
 0.0161158  0.0158582
 0.0241237  0.0235487
 0.0321316  0.0311156
 0.0401395  0.0385603
 0.0481474  0.0458842
 0.0561554  0.0530888
 0.0641633  0.0601756
 0.0721712   0.067146
 0.0801791  0.0740014
  0.088187  0.0807431
 0.0961949  0.0873726
  0.104203  0.0938912
  0.112211     0.1003
  0.120219   0.106601
  0.128227   0.112795
  0.136234   0.118883
  0.144242   0.124867
   0.15225   0.130748
  0.160258   0.136528
  0.168266   0.142207
  0.176274   0.147786
  0.184282   0.153267
   0.19229   0.158652
  0.200298   0.163941
  0.208306   0.169136
  0.216314   0.174237
  0.224321   0.179246
  0.232329   0.184164
  0.240337   0.188992
  0.248345   0.193732
  0.256353   0.198384
  0.264361   0.202949
  0.272369   0.207429
  0.280377   0.211824
  0.288385   0.216137
  0.296393   0.220367
  0.304401   0.224515
  0.312408   0.228584
  0.320416   0.232573
  0.328424   0.236484
  0.336432   0.240318
   0.34444   0.244076
  0.352448   0.247759
  0.360456   0.251367
  0.368464   0.254902
  0.376472   0.258364
   0.38448   0.261756
  0.392487   0.265076
  0.400495   0.268327
  0.408503   0.271509
  0.416511   0.274624
  0.424519   0.277671
  0.432527   0.280653
  0.440535   0.283569
  0.448543   0.286421
  0.456551   0.289209
  0.464559   0.291934
  0.472567   0.294598
  0.480574   0.297201
  0.488582   0.299743
   0.49659   0.302226
  0.504598    0.30465
  0.512606   0.307017
  0.520614   0.309326
  0.528622   0.311579
   0.53663   0.313776
  0.544638   0.315918
  0.552646   0.318006
  0.560654   0.320041
  0.568661   0.322023
  0.576669   0.323953
  0.584677   0.325832
  0.592685   0.327661
  0.600693   0.329439
  0.608701   0.331168
  0.616709   0.332849
  0.624717   0.334482
  0.632725   0.336067
  0.640733   0.337606
  0.648741   0.339099
  0.656748   0.340547
  0.664756    0.34195
  0.672764   0.343309
  0.680772   0.344625
   0.68878   0.345897
  0.696788   0.347128
  0.704796   0.348317
  0.712804   0.349465
  0.720812   0.350572
   0.72882    0.35164
  0.736828   0.352668
  0.744835   0.353657
  0.752843   0.354608
  0.760851   0.355522
  0.768859   0.356398
  0.776867   0.357238
  0.784875   0.358042
  0.792883    0.35881
  0.800891   0.359543
  0.808899   0.360242
  0.816907   0.360906
  0.824915   0.361537
  0.832922   0.362135
   0.84093   0.362701
  0.848938   0.363234
  0.856946   0.363736
  0.864954   0.364207
  0.872962   0.364647
   0.88097   0.365057
  0.888978   0.365437
  0.896986   0.365788
  0.904994    0.36611
  0.913002   0.366404
  0.921009   0.366669
  0.929017   0.366908
  0.937025   0.367119
  0.945033   0.367303
  0.953041   0.367461
  0.961049   0.367593
  0.969057     0.3677
  0.977065   0.367781
  0.985073   0.367838
  0.993081   0.367871
   1.00109   0.367879
    1.0091   0.367864
    1.0171   0.367826
   1.02511   0.367765
   1.03312   0.367682
   1.04113   0.367577
   1.04914    0.36745
   1.05714   0.367301
   1.06515   0.367132
   1.07316   0.366942
   1.08117   0.366731
   1.08918   0.366501
   1.09718   0.366251
   1.10519   0.365981
    1.1132   0.365693
   1.12121   0.365386
   1.12922    0.36506
   1.13722   0.364717
   1.14523   0.364356
   1.15324   0.363977
   1.16125   0.363581
   1.16925   0.363169
   1.17726   0.362739
   1.18527   0.362294
   1.19328   0.361832
   1.20129   0.361355
   1.20929   0.360863
    1.2173   0.360355
   1.22531   0.359833
   1.23332   0.359296
   1.24133   0.358744
   1.24933   0.358179
   1.25734   0.357599
   1.26535   0.357007
   1.27336     0.3564
   1.28137   0.355781
   1.28937   0.355149
   1.29738   0.354505
   1.30539   0.353848
    1.3134   0.353179
    1.3214   0.352498
   1.32941   0.351806
   1.33742   0.351102
   1.34543   0.350387
   1.35344   0.349662
   1.36144   0.348925
   1.36945   0.348178
   1.37746   0.347421
   1.38547   0.346653
   1.39348   0.345876
   1.40148   0.345089
   1.40949   0.344293
    1.4175   0.343487
   1.42551   0.342673
   1.43352   0.341849
   1.44152   0.341017
   1.44953   0.340176
   1.45754   0.339327
   1.46555    0.33847
   1.47356   0.337606
   1.48156   0.336733
   1.48957   0.335853
   1.49758   0.334965
   1.50559    0.33407
   1.51359   0.333168
    1.5216    0.33226
   1.52961   0.331344
   1.53762   0.330422
   1.54563   0.329494
   1.55363   0.328559
   1.56164   0.327619
   1.56965   0.326672
   1.57766    0.32572
   1.58567   0.324762
   1.59367   0.323799
   1.60168   0.322831
   1.60969   0.321857
    1.6177   0.320878
   1.62571   0.319895
   1.63371   0.318906
   1.64172   0.317913
   1.64973   0.316916
   1.65774   0.315915
   1.66574   0.314909
   1.67375   0.313899
   1.68176   0.312885
   1.68977   0.311867
   1.69778   0.310846
   1.70578   0.309821
   1.71379   0.308793
    1.7218   0.307762
   1.72981   0.306727
   1.73782   0.305689
   1.74582   0.304648
   1.75383   0.303605
   1.76184   0.302558
   1.76985   0.301509
   1.77786   0.300458
   1.78586   0.299404
   1.79387   0.298348
   1.80188   0.297289
   1.80989   0.296229
    1.8179   0.295166
    1.8259   0.294102
   1.83391   0.293036
   1.84192   0.291968
   1.84993   0.290899
   1.85793   0.289828
   1.86594   0.288755
   1.87395   0.287681
   1.88196   0.286606
   1.88997    0.28553
   1.89797   0.284453
   1.90598   0.283375
   1.91399   0.282296
     1.922   0.281216
   1.93001   0.280135
   1.93801   0.279054
   1.94602   0.277972
   1.95403    0.27689
   1.96204   0.275807
   1.97005   0.274724
   1.97805    0.27364
   1.98606   0.272557
   1.99407   0.271473
   2.00208   0.270389
   2.01008   0.269306
   2.01809   0.268222
    2.0261   0.267139
   2.03411   0.266055
   2.04212   0.264972
   2.05012    0.26389
   2.05813   0.262808
   2.06614   0.261726
   2.07415   0.260645
   2.08216   0.259564
   2.09016   0.258484
   2.09817   0.257405
   2.10618   0.256326
   2.11419   0.255249
    2.1222   0.254172
    2.1302   0.253096
   2.13821   0.252021
   2.14622   0.250948
   2.15423   0.249875
   2.16224   0.248803
   2.17024   0.247733
   2.17825   0.246664
   2.18626   0.245596
   2.19427    0.24453
   2.20227   0.243465
   2.21028   0.242401
   2.21829   0.241339
    2.2263   0.240278
   2.23431   0.239219
   2.24231   0.238162
   2.25032   0.237106
   2.25833   0.236052
   2.26634   0.234999
   2.27435   0.233949
   2.28235     0.2329
   2.29036   0.231853
   2.29837   0.230808
   2.30638   0.229765
   2.31439   0.228724
   2.32239   0.227684
    2.3304   0.226647
   2.33841   0.225612
   2.34642   0.224579
   2.35442   0.223548
   2.36243   0.222519
   2.37044   0.221493
   2.37845   0.220469
   2.38646   0.219446
   2.39446   0.218427
   2.40247   0.217409
   2.41048   0.216394
   2.41849   0.215381
    2.4265   0.214371
    2.4345   0.213363
   2.44251   0.212357
   2.45052   0.211354
   2.45853   0.210354
   2.46654   0.209356
   2.47454    0.20836
   2.48255   0.207367
   2.49056   0.206377
   2.49857   0.205389
   2.50658   0.204404
   2.51458   0.203421
   2.52259   0.202441
    2.5306   0.201464
   2.53861    0.20049
   2.54661   0.199518
   2.55462   0.198549
   2.56263   0.197583
   2.57064    0.19662
   2.57865   0.195659
   2.58665   0.194701
   2.59466   0.193746
   2.60267   0.192794
   2.61068   0.191845
   2.61869   0.190899
   2.62669   0.189955
    2.6347   0.189014
   2.64271   0.188077
   2.65072   0.187142
   2.65873    0.18621
   2.66673   0.185281
   2.67474   0.184356
   2.68275   0.183433
   2.69076   0.182513
   2.69876   0.181596
   2.70677   0.180682
   2.71478   0.179771
   2.72279   0.178864
    2.7308   0.177959
    2.7388   0.177057
   2.74681   0.176158
   2.75482   0.175263
   2.76283    0.17437
   2.77084   0.173481
   2.77884   0.172595
   2.78685   0.171712
   2.79486   0.170831
   2.80287   0.169954
   2.81088   0.169081
   2.81888    0.16821
   2.82689   0.167342
    2.8349   0.166478
   2.84291   0.165617
   2.85092   0.164758
   2.85892   0.163903
   2.86693   0.163052
   2.87494   0.162203
   2.88295   0.161357
   2.89095   0.160515
   2.89896   0.159676
   2.90697    0.15884
   2.91498   0.158007
   2.92299   0.157177
   2.93099   0.156351
     2.939   0.155528
   2.94701   0.154708
   2.95502   0.153891
   2.96303   0.153077
   2.97103   0.152266
   2.97904   0.151459
   2.98705   0.150655
   2.99506   0.149854
   3.00307   0.149056
   3.01107   0.148262
   3.01908    0.14747
   3.02709   0.146682
    3.0351   0.145897
   3.04311   0.145115
   3.05111   0.144337
   3.05912   0.143561
   3.06713   0.142789
   3.07514    0.14202
   3.08314   0.141254
   3.09115   0.140491
   3.09916   0.139732
   3.10717   0.138976
   3.11518   0.138223
   3.12318   0.137473
   3.13119   0.136726
    3.1392   0.135982
   3.14721   0.135242
   3.15522   0.134504
   3.16322    0.13377
   3.17123   0.133039
   3.17924   0.132311
   3.18725   0.131587
   3.19526   0.130865
   3.20326   0.130147
   3.21127   0.129431
   3.21928   0.128719
   3.22729    0.12801
   3.23529   0.127304
    3.2433   0.126602
   3.25131   0.125902
   3.25932   0.125205
   3.26733   0.124512
   3.27533   0.123821
   3.28334   0.123134
   3.29135    0.12245
   3.29936   0.121769
   3.30737   0.121091
   3.31537   0.120416
   3.32338   0.119744
   3.33139   0.119075
    3.3394   0.118409
   3.34741   0.117747
   3.35541   0.117087
   3.36342    0.11643
   3.37143   0.115777
   3.37944   0.115126
   3.38745   0.114478
   3.39545   0.113834
   3.40346   0.113192
   3.41147   0.112554
   3.41948   0.111918
   3.42748   0.111285
   3.43549   0.110656
    3.4435   0.110029
   3.45151   0.109405
   3.45952   0.108784
   3.46752   0.108167
   3.47553   0.107552
   3.48354    0.10694
   3.49155   0.106331
   3.49956   0.105724
   3.50756   0.105121
   3.51557   0.104521
   3.52358   0.103923
   3.53159   0.103329
    3.5396   0.102737
    3.5476   0.102148
   3.55561   0.101562
   3.56362   0.100979
   3.57163   0.100399
   3.57963  0.0998213
   3.58764  0.0992466
   3.59565  0.0986748
   3.60366  0.0981058
   3.61167  0.0975396
   3.61967  0.0969761
   3.62768  0.0964155
   3.63569  0.0958576
    3.6437  0.0953025
   3.65171  0.0947502
   3.65971  0.0942006
   3.66772  0.0936537
   3.67573  0.0931096
   3.68374  0.0925682
   3.69175  0.0920295
   3.69975  0.0914935
   3.70776  0.0909602
   3.71577  0.0904296
   3.72378  0.0899017
   3.73179  0.0893764
   3.73979  0.0888538
    3.7478  0.0883339
   3.75581  0.0878166
   3.76382  0.0873019
   3.77182  0.0867898
   3.77983  0.0862804
   3.78784  0.0857736
   3.79585  0.0852693
   3.80386  0.0847677
   3.81186  0.0842686
   3.81987  0.0837721
   3.82788  0.0832782
   3.83589  0.0827868
    3.8439  0.0822979
    3.8519  0.0818116
   3.85991  0.0813278
   3.86792  0.0808465
   3.87593  0.0803677
   3.88394  0.0798915
   3.89194  0.0794176
   3.89995  0.0789463
   3.90796  0.0784775
   3.91597  0.0780111
   3.92397  0.0775471
   3.93198  0.0770856
   3.93999  0.0766265
     3.948  0.0761698
   3.95601  0.0757156
   3.96401  0.0752637
   3.97202  0.0748142
   3.98003  0.0743672
   3.98804  0.0739224
   3.99605  0.0734801
   4.00405  0.0730401
   4.01206  0.0726025
   4.02007  0.0721671
   4.02808  0.0717341
   4.03609  0.0713035
   4.04409  0.0708751
    4.0521   0.070449
   4.06011  0.0700252
   4.06812  0.0696037
   4.07613  0.0691845
   4.08413  0.0687675
   4.09214  0.0683528
   4.10015  0.0679403
   4.10816  0.0675301
   4.11616   0.067122
   4.12417  0.0667162
   4.13218  0.0663126
   4.14019  0.0659112
    4.1482   0.065512
    4.1562  0.0651149
   4.16421    0.06472
   4.17222  0.0643273
   4.18023  0.0639367
   4.18824  0.0635482
   4.19624  0.0631619
   4.20425  0.0627777
   4.21226  0.0623956
   4.22027  0.0620156
   4.22828  0.0616377
   4.23628  0.0612619
   4.24429  0.0608882
    4.2523  0.0605165
   4.26031  0.0601469
   4.26831  0.0597793
   4.27632  0.0594138
   4.28433  0.0590503
   4.29234  0.0586888
   4.30035  0.0583293
   4.30835  0.0579718
   4.31636  0.0576163
   4.32437  0.0572628
   4.33238  0.0569113
   4.34039  0.0565617
   4.34839  0.0562141
    4.3564  0.0558685
   4.36441  0.0555247
   4.37242  0.0551829
   4.38043  0.0548431
   4.38843  0.0545051
   4.39644   0.054169
   4.40445  0.0538349
   4.41246  0.0535026
   4.42047  0.0531722
   4.42847  0.0528436
   4.43648  0.0525169
   4.44449  0.0521921
    4.4525  0.0518691
    4.4605   0.051548
   4.46851  0.0512286
   4.47652  0.0509111
   4.48453  0.0505954
   4.49254  0.0502815
   4.50054  0.0499693
   4.50855   0.049659
   4.51656  0.0493504
   4.52457  0.0490436
   4.53258  0.0487385
   4.54058  0.0484352
   4.54859  0.0481336
    4.5566  0.0478338
   4.56461  0.0475357
   4.57262  0.0472393
   4.58062  0.0469445
   4.58863  0.0466515
   4.59664  0.0463602
   4.60465  0.0460706
   4.61265  0.0457826
   4.62066  0.0454963
   4.62867  0.0452116
   4.63668  0.0449286
   4.64469  0.0446472
   4.65269  0.0443675
    4.6607  0.0440894
   4.66871  0.0438129
   4.67672   0.043538
   4.68473  0.0432647
   4.69273   0.042993
   4.70074  0.0427228
   4.70875  0.0424543
   4.71676  0.0421873
   4.72477  0.0419219
   4.73277   0.041658
   4.74078  0.0413956
   4.74879  0.0411348
    4.7568  0.0408756
   4.76481  0.0406178
   4.77281  0.0403616
   4.78082  0.0401068
   4.78883  0.0398536
   4.79684  0.0396018
   4.80484  0.0393515
   4.81285  0.0391027
   4.82086  0.0388554
   4.82887  0.0386095
   4.83688  0.0383651
   4.84488  0.0381221
   4.85289  0.0378806
    4.8609  0.0376404
   4.86891  0.0374017
   4.87692  0.0371644
   4.88492  0.0369286
   4.89293  0.0366941
   4.90094   0.036461
   4.90895  0.0362293
   4.91696  0.0359989
   4.92496    0.03577
   4.93297  0.0355424
   4.94098  0.0353161
   4.94899  0.0350912
   4.95699  0.0348677
     4.965  0.0346454
   4.97301  0.0344245
   4.98102   0.034205
   4.98903  0.0339867
   4.99703  0.0337697
   5.00504  0.0335541
   5.01305  0.0333397
   5.02106  0.0331266
   5.02907  0.0329148
   5.03707  0.0327043
   5.04508   0.032495
   5.05309   0.032287
    5.0611  0.0320803
   5.06911  0.0318747
   5.07711  0.0316705
   5.08512  0.0314674
   5.09313  0.0312656
   5.10114   0.031065
   5.10915  0.0308656
   5.11715  0.0306674
   5.12516  0.0304704
   5.13317  0.0302746
   5.14118    0.03008
   5.14918  0.0298866
   5.15719  0.0296943
    5.1652  0.0295032
   5.17321  0.0293133
   5.18122  0.0291245
   5.18922  0.0289368
   5.19723  0.0287503
   5.20524   0.028565
   5.21325  0.0283807
   5.22126  0.0281976
   5.22926  0.0280156
   5.23727  0.0278347
   5.24528  0.0276549
   5.25329  0.0274762
    5.2613  0.0272986
    5.2693  0.0271221
   5.27731  0.0269467
   5.28532  0.0267723
   5.29333   0.026599
   5.30134  0.0264268
   5.30934  0.0262556
   5.31735  0.0260855
   5.32536  0.0259164
   5.33337  0.0257484
   5.34137  0.0255814
   5.34938  0.0254154
   5.35739  0.0252504
    5.3654  0.0250864
   5.37341  0.0249235
   5.38141  0.0247616
   5.38942  0.0246006
   5.39743  0.0244407
   5.40544  0.0242817
   5.41345  0.0241237
   5.42145  0.0239667
   5.42946  0.0238107
   5.43747  0.0236556
   5.44548  0.0235015
   5.45349  0.0233483
   5.46149  0.0231961
    5.4695  0.0230448
   5.47751  0.0228945
   5.48552  0.0227451
   5.49352  0.0225966
   5.50153  0.0224491
   5.50954  0.0223024
   5.51755  0.0221567
   5.52556  0.0220119
   5.53356   0.021868
   5.54157  0.0217249
   5.54958  0.0215828
   5.55759  0.0214416
    5.5656  0.0213012
    5.5736  0.0211617
   5.58161  0.0210231
   5.58962  0.0208853
   5.59763  0.0207484
   5.60564  0.0206124
   5.61364  0.0204772
   5.62165  0.0203428
   5.62966  0.0202093
   5.63767  0.0200767
   5.64568  0.0199448
   5.65368  0.0198138
   5.66169  0.0196836
    5.6697  0.0195542
   5.67771  0.0194257
   5.68571  0.0192979
   5.69372   0.019171
   5.70173  0.0190448
   5.70974  0.0189194
   5.71775  0.0187949
   5.72575  0.0186711
   5.73376  0.0185481
   5.74177  0.0184258
   5.74978  0.0183043
   5.75779  0.0181836
   5.76579  0.0180637
    5.7738  0.0179445
   5.78181  0.0178261
   5.78982  0.0177084
   5.79783  0.0175914
   5.80583  0.0174752
   5.81384  0.0173598
   5.82185   0.017245
   5.82986   0.017131
   5.83786  0.0170177
   5.84587  0.0169052
   5.85388  0.0167933
   5.86189  0.0166821
    5.8699  0.0165717
    5.8779  0.0164619
   5.88591  0.0163529
   5.89392  0.0162445
   5.90193  0.0161369
   5.90994  0.0160299
   5.91794  0.0159236
   5.92595  0.0158179
   5.93396   0.015713
   5.94197  0.0156087
   5.94998  0.0155051
   5.95798  0.0154021
   5.96599  0.0152998
     5.974  0.0151981
   5.98201  0.0150971
   5.99002  0.0149968
   5.99802   0.014897
   6.00603  0.0147979
   6.01404  0.0146995
   6.02205  0.0146017
   6.03005  0.0145045
   6.03806  0.0144079
   6.04607  0.0143119
   6.05408  0.0142166
   6.06209  0.0141218
   6.07009  0.0140277
    6.0781  0.0139342
   6.08611  0.0138413
   6.09412  0.0137489
   6.10213  0.0136572
   6.11013   0.013566
   6.11814  0.0134755
   6.12615  0.0133855
   6.13416  0.0132961
   6.14217  0.0132073
   6.15017   0.013119
   6.15818  0.0130313
   6.16619  0.0129442
    6.1742  0.0128576
    6.1822  0.0127716
   6.19021  0.0126862
   6.19822  0.0126013
   6.20623  0.0125169
   6.21424  0.0124331
   6.22224  0.0123498
   6.23025  0.0122671
   6.23826  0.0121849
   6.24627  0.0121032
   6.25428  0.0120221
   6.26228  0.0119415
   6.27029  0.0118614
    6.2783  0.0117818
   6.28631  0.0117027
   6.29432  0.0116242
   6.30232  0.0115461
   6.31033  0.0114686
   6.31834  0.0113916
   6.32635   0.011315
   6.33436   0.011239
   6.34236  0.0111634
   6.35037  0.0110884
   6.35838  0.0110138
   6.36639  0.0109397
   6.37439  0.0108661
    6.3824   0.010793
   6.39041  0.0107203
   6.39842  0.0106482
   6.40643  0.0105765
   6.41443  0.0105052
   6.42244  0.0104344
   6.43045  0.0103641
   6.43846  0.0102943
   6.44647  0.0102249
   6.45447  0.0101559
   6.46248  0.0100874
   6.47049  0.0100193
    6.4785 0.00995173
   6.48651 0.00988456
   6.49451 0.00981783
   6.50252 0.00975153
   6.51053 0.00968566
   6.51854 0.00962023
   6.52654 0.00955522
   6.53455 0.00949064
   6.54256 0.00942648
   6.55057 0.00936274
   6.55858 0.00929942
   6.56658 0.00923651
   6.57459 0.00917402
    6.5826 0.00911193
   6.59061 0.00905025
   6.59862 0.00898898
   6.60662  0.0089281
   6.61463 0.00886763
   6.62264 0.00880755
   6.63065 0.00874787
   6.63866 0.00868858
   6.64666 0.00862967
   6.65467 0.00857116
   6.66268 0.00851303
   6.67069 0.00845528
    6.6787 0.00839791
    6.6867 0.00834092
   6.69471  0.0082843
   6.70272 0.00822805
   6.71073 0.00817218
   6.71873 0.00811667
   6.72674 0.00806153
   6.73475 0.00800675
   6.74276 0.00795234
   6.75077 0.00789828
   6.75877 0.00784458
   6.76678 0.00779123
   6.77479 0.00773823
    6.7828 0.00768559
   6.79081 0.00763329
   6.79881 0.00758134
   6.80682 0.00752973
   6.81483 0.00747846
   6.82284 0.00742753
   6.83085 0.00737694
   6.83885 0.00732668
   6.84686 0.00727675
   6.85487 0.00722715
   6.86288 0.00717789
   6.87088 0.00712894
   6.87889 0.00708033
    6.8869 0.00703203
   6.89491 0.00698406
   6.90292  0.0069364
   6.91092 0.00688906
   6.91893 0.00684203
   6.92694 0.00679531
   6.93495 0.00674891
   6.94296 0.00670281
   6.95096 0.00665702
   6.95897 0.00661153
   6.96698 0.00656634
   6.97499 0.00652146
     6.983 0.00647687
     6.991 0.00643258
   6.99901 0.00638858
   7.00702 0.00634488
   7.01503 0.00630147
   7.02304 0.00625834
   7.03104 0.00621551
   7.03905 0.00617295
   7.04706 0.00613069
   7.05507  0.0060887
   7.06307 0.00604699
   7.07108 0.00600556
   7.07909 0.00596441
    7.0871 0.00592353
   7.09511 0.00588293
   7.10311 0.00584259
   7.11112 0.00580252
   7.11913 0.00576273
   7.12714 0.00572319
   7.13515 0.00568393
   7.14315 0.00564492
   7.15116 0.00560617
   7.15917 0.00556769
   7.16718 0.00552946
   7.17519 0.00549148
   7.18319 0.00545376
    7.1912  0.0054163
   7.19921 0.00537908
   7.20722 0.00534211
   7.21523 0.00530539
   7.22323 0.00526892
   7.23124 0.00523269
   7.23925  0.0051967
   7.24726 0.00516095
   7.25526 0.00512545
   7.26327 0.00509018
   7.27128 0.00505515
   7.27929 0.00502035
    7.2873 0.00498579
    7.2953 0.00495146
   7.30331 0.00491736
   7.31132 0.00488349
   7.31933 0.00484984
   7.32734 0.00481642
   7.33534 0.00478323
   7.34335 0.00475026
   7.35136 0.00471751
   7.35937 0.00468498
   7.36738 0.00465267
   7.37538 0.00462058
   7.38339  0.0045887
    7.3914 0.00455704
   7.39941 0.00452559
   7.40741 0.00449435
   7.41542 0.00446333
   7.42343 0.00443251
   7.43144  0.0044019
   7.43945  0.0043715
   7.44745  0.0043413
   7.45546  0.0043113
   7.46347 0.00428151
   7.47148 0.00425192
   7.47949 0.00422253
   7.48749 0.00419333
    7.4955 0.00416433
   7.50351 0.00413553
   7.51152 0.00410693
   7.51953 0.00407851
   7.52753 0.00405029
   7.53554 0.00402226
   7.54355 0.00399442
   7.55156 0.00396677
   7.55957  0.0039393
   7.56757 0.00391202
   7.57558 0.00388493
   7.58359 0.00385802
    7.5916 0.00383129
    7.5996 0.00380474
   7.60761 0.00377837
   7.61562 0.00375218
   7.62363 0.00372616
   7.63164 0.00370033
   7.63964 0.00367467
   7.64765 0.00364918
   7.65566 0.00362386
   7.66367 0.00359872
   7.67168 0.00357375
   7.67968 0.00354894
   7.68769 0.00352431
    7.6957 0.00349984
   7.70371 0.00347554
   7.71172  0.0034514
   7.71972 0.00342743
   7.72773 0.00340362
   7.73574 0.00337997
   7.74375 0.00335648
   7.75175 0.00333316
   7.75976 0.00330999
   7.76777 0.00328698
   7.77578 0.00326412
   7.78379 0.00324142
   7.79179 0.00321888
    7.7998 0.00319648
   7.80781 0.00317424
   7.81582 0.00315216
   7.82383 0.00313022
   7.83183 0.00310843
   7.83984 0.00308679
   7.84785  0.0030653
   7.85586 0.00304395
   7.86387 0.00302275
   7.87187  0.0030017
   7.87988 0.00298079
   7.88789 0.00296002
    7.8959 0.00293939
   7.90391  0.0029189
   7.91191 0.00289855
   7.91992 0.00287835
   7.92793 0.00285827
   7.93594 0.00283834
   7.94394 0.00281854
   7.95195 0.00279888
   7.95996 0.00277935
   7.96797 0.00275996
   7.97598  0.0027407
   7.98398 0.00272157
   7.99199 0.00270257
         8  0.0026837
