7   0.192404   0.288487    0.74789    0.22183 
17   0.123463   0.185119   0.479913   0.142346 
27  0.0979671   0.146891   0.380807    0.11295 
37  0.0836877    0.12548   0.325301   0.096487 
47  0.0742529   0.111334   0.288627  0.0856092 
57  0.0674256   0.101097   0.262089  0.0777378 
67  0.0621906  0.0932478    0.24174  0.0717021 
77  0.0580119  0.0869822   0.225497  0.0668843 
87  0.0545761  0.0818307   0.212142  0.0629231 
97  0.0516864  0.0774979    0.20091  0.0595914 
107  0.0492119  0.0737877   0.191291  0.0567385 
117  0.0470619   0.070564   0.182934  0.0542596 
127  0.0451711  0.0677289   0.175584  0.0520796 
137  0.0434913  0.0652102   0.169054  0.0501429 
147  0.0419859  0.0629531   0.163203  0.0484073 
157  0.0406268  0.0609153    0.15792  0.0468403 
167  0.0393916  0.0590633   0.153119  0.0454162 
177  0.0382627  0.0573706    0.14873  0.0441146 
187  0.0372256  0.0558155   0.144699  0.0429189 
197  0.0362685  0.0543805   0.140979  0.0418154 
207  0.0353816  0.0530507   0.137531  0.0407929 
217  0.0345567  0.0518139   0.134325  0.0398419 
227   0.033787  0.0506597   0.131333  0.0389544 
237  0.0330665  0.0495795   0.128532  0.0381237 
247  0.0323902  0.0485655   0.125904   0.037344 
257  0.0317538  0.0476112    0.12343  0.0366103 
267  0.0311535  0.0467111   0.121096  0.0359181 
277   0.030586  0.0458602    0.11889  0.0352638 
287  0.0300484  0.0450542   0.116801   0.034644 
297  0.0295382  0.0442892   0.114818  0.0340558 
307  0.0290531  0.0435619   0.112932  0.0334966 
317  0.0285912  0.0428693   0.111137   0.032964 
327  0.0281507  0.0422087   0.109424   0.032456 
337  0.0277298  0.0415777   0.107788  0.0319709 
347  0.0273274  0.0409743   0.106224  0.0315068 
357  0.0269419  0.0403963   0.104726  0.0310624 
367  0.0265723  0.0398422   0.103289  0.0306363 
377  0.0262175  0.0393102    0.10191  0.0302273 
387  0.0258766   0.038799   0.100585  0.0298342 
397  0.0255486  0.0383072  0.0993096   0.029456 
407  0.0252328  0.0378337   0.098082  0.0290919 
417  0.0249284  0.0373773  0.0968988   0.028741 
427  0.0246348   0.036937  0.0957575  0.0284024 
437  0.0243513   0.036512  0.0946555  0.0280756 
447  0.0240773  0.0361012  0.0935907  0.0277598 
457  0.0238125  0.0357041  0.0925611  0.0274544 
467  0.0235561  0.0353197  0.0915647  0.0271588 
477  0.0233079  0.0349475  0.0905998  0.0268726 
487  0.0230674  0.0345869  0.0896648  0.0265953 
497  0.0228341  0.0342372  0.0887582  0.0263264 
507  0.0226078  0.0338978  0.0878785  0.0260655 
517  0.0223881  0.0335684  0.0870245  0.0258122 
527  0.0221747  0.0332484  0.0861948  0.0255661 
537  0.0219672  0.0329374  0.0853885  0.0253269 
547  0.0217655  0.0326349  0.0846044  0.0250943 
557  0.0215692  0.0323406  0.0838415  0.0248681 
567  0.0213782  0.0320542  0.0830989  0.0246478 
577  0.0211921  0.0317752  0.0823756  0.0244333 
587  0.0210108  0.0315034  0.0816709  0.0242243 
597  0.0208341  0.0312384   0.080984  0.0240205 
607  0.0206618    0.03098  0.0803142  0.0238218 
617  0.0204937  0.0307279  0.0796607   0.023628 
627  0.0203296  0.0304819  0.0790229  0.0234388 
637  0.0201694  0.0302417  0.0784001  0.0232541 
647  0.0200129  0.0300071  0.0777919  0.0230737 
657    0.01986  0.0297778  0.0771976  0.0228974 
667  0.0197106  0.0295538  0.0766167  0.0227251 
677  0.0195645  0.0293347  0.0760488  0.0225567 
687  0.0194216  0.0291204  0.0754933  0.0223919 
697  0.0192817  0.0289108  0.0749497  0.0222307 
707  0.0191449  0.0287056  0.0744178  0.0220729 
717  0.0190109  0.0285047   0.073897  0.0219185 
727  0.0188797   0.028308   0.073387  0.0217672 
737  0.0187512  0.0281153  0.0728875   0.021619 
747  0.0186252  0.0279264  0.0723979  0.0214738 
757  0.0185018  0.0277414  0.0719182  0.0213315 
767  0.0183808  0.0275599  0.0714478   0.021192 
777  0.0182621   0.027382  0.0709865  0.0210552 
787  0.0181458  0.0272075  0.0705341   0.020921 
797  0.0180316  0.0270363  0.0700902  0.0207893 
807  0.0179195  0.0268682  0.0696546  0.0206601 
817  0.0178095  0.0267033   0.069227  0.0205333 
827  0.0177015  0.0265414  0.0688072  0.0204088 
837  0.0175954  0.0263823  0.0683949  0.0202865 
847  0.0174912  0.0262261    0.06799  0.0201664 
857  0.0173889  0.0260727  0.0675921  0.0200484 
867  0.0172883  0.0259219  0.0672012  0.0199324 
877  0.0171895  0.0257737   0.066817  0.0198184 
887  0.0170923   0.025628  0.0664393  0.0197064 
897  0.0169968  0.0254847  0.0660679  0.0195963 
907  0.0169028  0.0253438  0.0657027  0.0194879 
917  0.0168104  0.0252053  0.0653434  0.0193814 
927  0.0167195  0.0250689    0.06499  0.0192766 
937    0.01663  0.0249348  0.0646423  0.0191734 
947   0.016542  0.0248028  0.0643001  0.0190719 
957  0.0164553  0.0246729  0.0639633   0.018972 
967    0.01637   0.024545  0.0636317  0.0188737 
977   0.016286   0.024419  0.0633052  0.0187768 
987  0.0162033   0.024295  0.0629837  0.0186815 
997  0.0161218  0.0241729   0.062667  0.0185875 
1007  0.0160416  0.0240526  0.0623551   0.018495 
1017  0.0159625   0.023934  0.0620478  0.0184039 
1027  0.0158846  0.0238172  0.0617449   0.018314 
1037  0.0158079  0.0237021  0.0614465  0.0182255 
1047  0.0157322  0.0235886  0.0611524  0.0181383 
1057  0.0156576  0.0234768  0.0608624  0.0180523 
1067   0.015584  0.0233665  0.0605765  0.0179675 
1077  0.0155115  0.0232578  0.0602946  0.0178839 
1087    0.01544  0.0231505  0.0600167  0.0178014 
1097  0.0153695  0.0230448  0.0597425  0.0177201 
1107  0.0152999  0.0229405   0.059472  0.0176399 
1117  0.0152313  0.0228375  0.0592052  0.0175607 
1127  0.0151635   0.022736   0.058942  0.0174827 
1137  0.0150967  0.0226358  0.0586822  0.0174056 
1147  0.0150307  0.0225369  0.0584258  0.0173296 
1157  0.0149657  0.0224393  0.0581728  0.0172545 
1167  0.0149014  0.0223429   0.057923  0.0171804 
1177   0.014838  0.0222478  0.0576764  0.0171073 
1187  0.0147753  0.0221539   0.057433  0.0170351 
1197  0.0147135  0.0220612  0.0571926  0.0169638 
1207  0.0146524  0.0219696  0.0569551  0.0168934 
1217  0.0145921  0.0218792  0.0567207  0.0168238 
1227  0.0145325  0.0217898  0.0564891  0.0167551 
1237  0.0144736  0.0217016  0.0562603  0.0166872 
1247  0.0144155  0.0216144  0.0560342  0.0166202 
1257   0.014358  0.0215282  0.0558109   0.016554 
1267  0.0143013  0.0214431  0.0555902  0.0164885 
1277  0.0142451   0.021359  0.0553721  0.0164238 
1287  0.0141897  0.0212758  0.0551566  0.0163599 
1297  0.0141349  0.0211937  0.0549435  0.0162967 
1307  0.0140807  0.0211124  0.0547329  0.0162342 
1317  0.0140272  0.0210321  0.0545247  0.0161725 
1327  0.0139742  0.0209527  0.0543189  0.0161114 
1337  0.0139218  0.0208742  0.0541154  0.0160511 
1347  0.0138701  0.0207966  0.0539142  0.0159914 
1357  0.0138189  0.0207198  0.0537151  0.0159323 
1367  0.0137682  0.0206439  0.0535183   0.015874 
1377  0.0137181  0.0205688  0.0533236  0.0158162 
1387  0.0136686  0.0204945   0.053131  0.0157591 
1397  0.0136196   0.020421  0.0529405  0.0157026 
1407  0.0135711  0.0203483  0.0527521  0.0156467 
1417  0.0135231  0.0202764  0.0525656  0.0155914 
1427  0.0134757  0.0202052  0.0523811  0.0155367 
1437  0.0134287  0.0201348  0.0521985  0.0154825 
1447  0.0133822  0.0200651  0.0520178  0.0154289 
1457  0.0133362  0.0199961   0.051839  0.0153759 
1467  0.0132907  0.0199279   0.051662  0.0153234 
1477  0.0132456  0.0198603  0.0514868  0.0152714 
1487   0.013201  0.0197934  0.0513134    0.01522 
1497  0.0131568  0.0197272  0.0511418  0.0151691 
1507  0.0131131  0.0196616  0.0509718  0.0151186 
1517  0.0130698  0.0195967  0.0508035  0.0150687 
1527   0.013027  0.0195324  0.0506369  0.0150193 
1537  0.0129845  0.0194688  0.0504719  0.0149704 
1547  0.0129425  0.0194058  0.0503085  0.0149219 
1557  0.0129008  0.0193433  0.0501467  0.0148739 
1567  0.0128596  0.0192815  0.0499864  0.0148264 
1577  0.0128188  0.0192203  0.0498277  0.0147793 
1587  0.0127783  0.0191596  0.0496705  0.0147327 
1597  0.0127383  0.0190996  0.0495147  0.0146865 
1607  0.0126986    0.01904  0.0493604  0.0146407 
1617  0.0126592  0.0189811  0.0492075  0.0145953 
1627  0.0126203  0.0189227  0.0490561  0.0145504 
1637  0.0125817  0.0188648   0.048906  0.0145059 
1647  0.0125434  0.0188074  0.0487573  0.0144618 
1657  0.0125055  0.0187506    0.04861  0.0144181 
1667  0.0124679  0.0186943  0.0484639  0.0143748 
1677  0.0124307  0.0186384  0.0483192  0.0143319 
1687  0.0123938  0.0185831  0.0481758  0.0142893 
1697  0.0123572  0.0185283  0.0480337  0.0142472 
1707   0.012321  0.0184739  0.0478928  0.0142054 
1717  0.0122851    0.01842  0.0477531  0.0141639 
1727  0.0122494  0.0183666  0.0476146  0.0141229 
1737  0.0122141  0.0183137  0.0474774  0.0140822 
1747  0.0121791  0.0182612  0.0473413  0.0140418 
1757  0.0121444  0.0182092  0.0472064  0.0140018 
1767    0.01211  0.0181576  0.0470726  0.0139621 
1777  0.0120759  0.0181064    0.04694  0.0139228 
1787   0.012042  0.0180557  0.0468085  0.0138838 
1797  0.0120085  0.0180054   0.046678  0.0138451 
1807  0.0119752  0.0179555  0.0465487  0.0138067 
1817  0.0119422   0.017906  0.0464204  0.0137687 
1827  0.0119095  0.0178569  0.0462932  0.0137309 
1837   0.011877  0.0178083   0.046167  0.0136935 
1847  0.0118448    0.01776  0.0460419  0.0136564 
1857  0.0118129  0.0177121  0.0459178  0.0136196 
1867  0.0117812  0.0176646  0.0457946  0.0135831 
1877  0.0117498  0.0176175  0.0456725  0.0135468 
1887  0.0117186  0.0175707  0.0455513  0.0135109 
1897  0.0116877  0.0175244  0.0454311  0.0134752 
1907   0.011657  0.0174784  0.0453118  0.0134398 
1917  0.0116266  0.0174327  0.0451935  0.0134047 
1927  0.0115964  0.0173874   0.045076  0.0133699 
1937  0.0115664  0.0173425  0.0449595  0.0133354 
1947  0.0115366  0.0172979  0.0448439  0.0133011 
1957  0.0115071  0.0172536  0.0447292   0.013267 
1967  0.0114778  0.0172097  0.0446154  0.0132333 
1977  0.0114488  0.0171661  0.0445024  0.0131998 
1987  0.0114199  0.0171229  0.0443903  0.0131665 
1997  0.0113913    0.01708   0.044279  0.0131335 
