3   0.439196   0.219237   0.151767    0.61821 
13   0.210983   0.105318  0.0729064   0.296978 
23   0.158619  0.0791792  0.0548118   0.223271 
33   0.132423  0.0661025  0.0457594   0.186397 
43   0.116007  0.0579083   0.040087   0.163291 
53   0.104492  0.0521599  0.0361077   0.147082 
63  0.0958405  0.0478415  0.0331182   0.134904 
73  0.0890344  0.0444441  0.0307664   0.125324 
83  0.0834988  0.0416808  0.0288535   0.117532 
93   0.078882  0.0393762  0.0272581   0.111034 
103   0.074955  0.0374159  0.0259011   0.105506 
113  0.0715616   0.035722  0.0247285    0.10073 
123  0.0685909  0.0342391   0.023702  0.0965481 
133  0.0659619  0.0329268  0.0227935  0.0928476 
143  0.0636138  0.0317546  0.0219821  0.0895423 
153  0.0614998  0.0306994  0.0212516  0.0865667 
163  0.0595834  0.0297428  0.0205894  0.0838692 
173  0.0578357  0.0288703  0.0199855  0.0814092 
183  0.0562333  0.0280705  0.0194318  0.0791536 
193  0.0547571  0.0273336  0.0189216  0.0770758 
203  0.0533914  0.0266518  0.0184497  0.0751534 
213   0.052123  0.0260187  0.0180114   0.073368 
223  0.0509409  0.0254286  0.0176029  0.0717041 
233  0.0498358  0.0248769  0.0172211  0.0701485 
243  0.0487996  0.0243597   0.016863    0.06869 
253  0.0478254  0.0238734  0.0165264  0.0673188 
263  0.0469074  0.0234152  0.0162091  0.0660266 
273  0.0460403  0.0229823  0.0159095   0.064806 
283  0.0452195  0.0225726  0.0156259  0.0636507 
293  0.0444412  0.0221841  0.0153569  0.0625551 
303  0.0437017  0.0218149  0.0151014  0.0615142 
313  0.0429979  0.0214636  0.0148582  0.0605235 
323   0.042327  0.0211288  0.0146264  0.0595793 
333  0.0416867  0.0208091  0.0144051  0.0586779 
343  0.0410745  0.0205035  0.0141935  0.0578162 
353  0.0404885   0.020211   0.013991  0.0569914 
363  0.0399269  0.0199307   0.013797  0.0562009 
373  0.0393881  0.0196617  0.0136108  0.0554424 
383  0.0388705  0.0194033  0.0134319  0.0547138 
393  0.0383728  0.0191549  0.0132599  0.0540132 
403  0.0378937  0.0189157  0.0130944  0.0533389 
413  0.0374321  0.0186853  0.0129349  0.0526892 
423   0.036987  0.0184631  0.0127811  0.0520627 
433  0.0365574  0.0182487  0.0126326   0.051458 
443  0.0361424  0.0180415  0.0124892  0.0508739 
453  0.0357413  0.0178413  0.0123506  0.0503092 
463  0.0353532  0.0176476  0.0122165  0.0497629 
473  0.0349775    0.01746  0.0120867  0.0492341 
483  0.0346135  0.0172783  0.0119609  0.0487218 
493  0.0342607  0.0171022   0.011839  0.0482251 
503  0.0339184  0.0169313  0.0117207  0.0477433 
513  0.0335862  0.0167655  0.0116059  0.0472757 
523  0.0332635  0.0166044  0.0114944  0.0468215 
533    0.03295  0.0164479  0.0113861  0.0463802 
543  0.0326452  0.0162958  0.0112807  0.0459512 
553  0.0323487  0.0161478  0.0111783  0.0455338 
563  0.0320601  0.0160037  0.0110786  0.0451276 
573  0.0317791  0.0158635  0.0109815  0.0447321 
583  0.0315054  0.0157268  0.0108869  0.0443468 
593  0.0312386  0.0155936  0.0107947  0.0439713 
603  0.0309785  0.0154638  0.0107048  0.0436052 
613  0.0307248  0.0153372  0.0106171   0.043248 
623  0.0304772  0.0152136  0.0105316  0.0428995 
633  0.0302355  0.0150929  0.0104481  0.0425593 
643  0.0299995  0.0149751  0.0103665  0.0422271 
653  0.0297689    0.01486  0.0102868  0.0419025 
663  0.0295435  0.0147475  0.0102089  0.0415853 
673  0.0293232  0.0146375  0.0101328  0.0412752 
683  0.0291078    0.01453  0.0100584  0.0409719 
693   0.028897  0.0144248 0.00998553  0.0406752 
703  0.0286907  0.0143218 0.00991425  0.0403849 
713  0.0284888   0.014221 0.00984448  0.0401007 
723  0.0282911  0.0141223 0.00977616  0.0398224 
733  0.0280975  0.0140257 0.00970925  0.0395498 
743  0.0279078  0.0139309 0.00964369  0.0392828 
753  0.0277218  0.0138381 0.00957944  0.0390211 
763  0.0275396  0.0137472 0.00951646  0.0387645 
773  0.0273608  0.0136579  0.0094547  0.0385129 
783  0.0271856  0.0135704 0.00939413  0.0382662 
793  0.0270136  0.0134846 0.00933471  0.0380242 
803  0.0268449  0.0134004 0.00927641  0.0377867 
813  0.0266793  0.0133177 0.00921918  0.0375536 
823  0.0265167  0.0132366   0.009163  0.0373247 
833   0.026357  0.0131569 0.00910783     0.0371 
843  0.0262003  0.0130786 0.00905365  0.0368793 
853  0.0260462  0.0130017 0.00900043  0.0366625 
863  0.0258949  0.0129262 0.00894813  0.0364495 
873  0.0257461  0.0128519 0.00889673  0.0362401 
883  0.0255999  0.0127789 0.00884621  0.0360343 
893  0.0254562  0.0127072 0.00879654   0.035832 
903  0.0253148  0.0126366  0.0087477   0.035633 
913  0.0251758  0.0125672 0.00869966  0.0354373 
923  0.0250391   0.012499  0.0086524  0.0352448 
933  0.0249045  0.0124318 0.00860591  0.0350555 
943  0.0247721  0.0123657 0.00856016  0.0348691 
953  0.0246418  0.0123007 0.00851513  0.0346857 
963  0.0245135  0.0122366  0.0084708  0.0345051 
973  0.0243872  0.0121736 0.00842716  0.0343273 
983  0.0242629  0.0121115 0.00838418  0.0341523 
993  0.0241404  0.0120504 0.00834186  0.0339799 
1003  0.0240198  0.0119901 0.00830017  0.0338101 
1013  0.0239009  0.0119308  0.0082591  0.0336428 
1023  0.0237838  0.0118724 0.00821864  0.0334779 
1033  0.0236684  0.0118148 0.00817876  0.0333155 
1043  0.0235547   0.011758 0.00813946  0.0331554 
1053  0.0234426   0.011702 0.00810072  0.0329976 
1063   0.023332  0.0116468 0.00806252   0.032842 
1073  0.0232231  0.0115924 0.00802487  0.0326886 
1083  0.0231156  0.0115388 0.00798773  0.0325374 
1093  0.0230096  0.0114859 0.00795111  0.0323882 
1103  0.0229051  0.0114337 0.00791498   0.032241 
1113  0.0228019  0.0113822 0.00787934  0.0320959 
1123  0.0227002  0.0113314 0.00784418  0.0319526 
1133  0.0225998  0.0112813 0.00780949  0.0318113 
1143  0.0225007  0.0112319 0.00777525  0.0316718 
1153  0.0224029  0.0111831 0.00774146  0.0315342 
1163  0.0223064  0.0111349 0.00770811  0.0313983 
1173  0.0222111  0.0110873 0.00767518  0.0312642 
1183   0.022117  0.0110403 0.00764267  0.0311318 
1193  0.0220241   0.010994 0.00761057   0.031001 
1203  0.0219324  0.0109482 0.00757888  0.0308719 
1213  0.0218418   0.010903 0.00754757  0.0307444 
1223  0.0217523  0.0108583 0.00751665  0.0306185 
1233   0.021664  0.0108142 0.00748611   0.030494 
1243  0.0215766  0.0107706 0.00745593  0.0303711 
1253  0.0214904  0.0107275 0.00742612  0.0302497 
1263  0.0214051   0.010685 0.00739666  0.0301297 
1273  0.0213209  0.0106429 0.00736756  0.0300111 
1283  0.0212376  0.0106014 0.00733879  0.0298939 
1293  0.0211553  0.0105603 0.00731035  0.0297781 
1303   0.021074  0.0105197 0.00728225  0.0296636 
1313  0.0209936  0.0104796 0.00725446  0.0295505 
1323  0.0209141  0.0104399 0.00722699  0.0294386 
1333  0.0208355  0.0104006 0.00719983  0.0293279 
1343  0.0207578  0.0103618 0.00717298  0.0292185 
1353  0.0206809  0.0103235 0.00714642  0.0291104 
1363  0.0206049  0.0102855 0.00712016  0.0290034 
1373  0.0205298   0.010248 0.00709418  0.0288976 
1383  0.0204554  0.0102109 0.00706849  0.0287929 
1393  0.0203819  0.0101742 0.00704307  0.0286894 
1403  0.0203091  0.0101379 0.00701793  0.0285869 
1413  0.0202371  0.0101019 0.00699305  0.0284856 
1423  0.0201659  0.0100664 0.00696843  0.0283853 
1433  0.0200954  0.0100312 0.00694408  0.0282861 
1443  0.0200256 0.00999636 0.00691997  0.0281879 
1453  0.0199566  0.0099619 0.00689612  0.0280908 
1463  0.0198883  0.0099278 0.00687251  0.0279946 
1473  0.0198206 0.00989404 0.00684914  0.0278994 
1483  0.0197537 0.00986063 0.00682601  0.0278052 
1493  0.0196874 0.00982755 0.00680311  0.0277119 
1503  0.0196218  0.0097948 0.00678044  0.0276196 
1513  0.0195569 0.00976238   0.006758  0.0275281 
1523  0.0194926 0.00973028 0.00673578  0.0274376 
1533  0.0194289 0.00969849 0.00671377   0.027348 
1543  0.0193658 0.00966701 0.00669198  0.0272592 
1553  0.0193034 0.00963583  0.0066704  0.0271713 
1563  0.0192415 0.00960496 0.00664903  0.0270843 
1573  0.0191803 0.00957438 0.00662786   0.026998 
1583  0.0191196 0.00954409 0.00660689  0.0269126 
1593  0.0190595 0.00951409 0.00658612   0.026828 
1603      0.019 0.00948437 0.00656555  0.0267442 
1613   0.018941 0.00945492 0.00654516  0.0266612 
1623  0.0188825 0.00942575 0.00652497  0.0265789 
1633  0.0188246 0.00939684 0.00650496  0.0264974 
1643  0.0187672  0.0093682 0.00648513  0.0264166 
1653  0.0187104 0.00933982 0.00646549  0.0263366 
1663   0.018654  0.0093117 0.00644602  0.0262573 
1673  0.0185982 0.00928383 0.00642672  0.0261787 
1683  0.0185429 0.00925621  0.0064076  0.0261008 
1693   0.018488 0.00922883 0.00638865  0.0260236 
1703  0.0184337 0.00920169 0.00636987  0.0259471 
1713  0.0183798  0.0091748 0.00635125  0.0258713 
1723  0.0183264 0.00914813 0.00633279  0.0257961 
1733  0.0182734  0.0091217 0.00631449  0.0257216 
1743  0.0182209  0.0090955 0.00629635  0.0256477 
1753  0.0181689 0.00906952 0.00627837  0.0255744 
1763  0.0181173 0.00904376 0.00626054  0.0255018 
1773  0.0180661 0.00901822 0.00624285  0.0254298 
1783  0.0180154 0.00899289 0.00622532  0.0253583 
1793  0.0179651 0.00896778 0.00620794  0.0252875 
1803  0.0179152 0.00894288  0.0061907  0.0252173 
1813  0.0178657 0.00891818  0.0061736  0.0251477 
1823  0.0178166 0.00889368 0.00615665  0.0250786 
1833   0.017768 0.00886939 0.00613983  0.0250101 
1843  0.0177197  0.0088453 0.00612315  0.0249421 
1853  0.0176718  0.0088214 0.00610661  0.0248748 
1863  0.0176243 0.00879769 0.00609019  0.0248079 
1873  0.0175772 0.00877417 0.00607392  0.0247416 
1883  0.0175305 0.00875084 0.00605777  0.0246758 
1893  0.0174841  0.0087277 0.00604174  0.0246105 
1903  0.0174381 0.00870474 0.00602585  0.0245458 
1913  0.0173925 0.00868196 0.00601008  0.0244816 
1923  0.0173472 0.00865935 0.00599443  0.0244178 
1933  0.0173023 0.00863692 0.00597891  0.0243546 
1943  0.0172577 0.00861467  0.0059635  0.0242918 
1953  0.0172135 0.00859259 0.00594821  0.0242296 
1963  0.0171696 0.00857067 0.00593304  0.0241678 
1973   0.017126 0.00854893 0.00591799  0.0241064 
1983  0.0170828 0.00852734 0.00590305  0.0240456 
1993  0.0170398 0.00850592 0.00588822  0.0239852 
