3   0.390422    0.16999   0.164957   0.667234
4   0.287622   0.208578   0.113787   0.640737
5   0.568082   0.529132  0.0910295   0.115729
6   0.208852  0.0720809   0.237238   0.423257
7    0.33316   0.275153   0.203347  0.0860069
8   0.208413    0.14415   0.092176   0.438449
9   0.324361   0.196234  0.0819343  0.0406668
10    0.26911  0.0957768  0.0414326   0.314632
20   0.174535   0.185142  0.0529321   0.293099
30   0.196376  0.0339052  0.0896188   0.146163
40   0.128965  0.0294727 0.00316234   0.137507
50   0.111109   0.102987  0.0510657   0.157889
60  0.0940231   0.198117   0.035762    0.13854
70   0.114218   0.275456  0.0220804  0.0856164
80   0.105781  0.0422359  0.0155995  0.0915093
90  0.0800258    0.15063  0.0127764  0.0877499
100  0.0810018  0.0568404 0.00958294  0.0625384
150   0.076758  0.0189615  0.0202163  0.0629454
200  0.0572116  0.0887972 0.00342336  0.0432753
250  0.0524673  0.0574953 0.00967033  0.0363894
300  0.0469479   0.139655 0.00366746   0.036028
350  0.0461653   0.013815  0.0115807  0.0295497
400  0.0442437   0.055995 0.00543476  0.0263959
450  0.0419154 0.00989372 0.00974583  0.0258897
500  0.0372672  0.0412657 0.00255349  0.0203334
550  0.0368718  0.0642869 0.00779148  0.0216824
600  0.0373137  0.0438586 0.00270367  0.0150532
650  0.0353136  0.0242878   0.004206  0.0183328
700  0.0316131  0.0268097 0.00292576  0.0128856
750  0.0324013 0.00320621 0.00454359  0.0149645
800   0.032453 0.00180006 0.00209527  0.0129049
850  0.0301985 0.00688385 0.00328985  0.0157327
900  0.0307019   0.010858 0.00383671  0.0136586
950   0.029663  0.0058362 0.00284014  0.0124111
1000  0.0276859  0.0297203 0.00427658  0.0137033
1100  0.0273372  0.0314189 0.00351527  0.0132329
1200  0.0265865  0.0304539 0.00233859   0.011566
1300  0.0239399 0.00195098 0.000278478 0.00899676
1400  0.0247761  0.0390705 8.68777e-05 0.00855265
1500   0.022727  0.0285175 0.00159667 0.00963231
1600  0.0226112  0.0112353 0.00357824 0.00909484
1700  0.0211935  0.0103771 0.00286837  0.0101679
1800  0.0216923  0.0608261 0.00352111 0.00881615
1900  0.0206703  0.0315876 0.00198649   0.008539
2000  0.0204619  0.0139518 0.00128015 0.00608248
