7   0.241205   0.194244   0.864936   0.374559
8  0.0773135   0.473962   0.764943   0.382992
9   0.247197   0.100197   0.679949   0.185637
10  0.0623575   0.306714   0.567892   0.265714
20   0.295805  0.0764519    0.25413  0.0488419
30   0.336706 0.00268263   0.275396  0.0290229
40  0.0683927    0.27865   0.219955  0.0878295
50   0.167747   0.218765   0.196599   0.158524
60    0.11544   0.213927   0.162636   0.222106
70   0.188099   0.122194   0.116011   0.210713
80   0.271384   0.251173   0.046834   0.168228
90  0.0909922   0.165394  0.0203053   0.149726
100  0.0839503   0.119393  0.0348425   0.174619
150  0.0680419   0.163693  0.0409394   0.189891
200  0.0901148   0.170495  0.0395623    0.16814
250  0.0943532    0.11995  0.0118739   0.173167
300  0.0541723   0.175886  0.0300966   0.190776
350  0.0781224  0.0577526  0.0308862   0.197847
400  0.0825391  0.0540334  0.0126949   0.196203
450  0.0545499   0.111658  0.0597419   0.112178
500  0.0656219  0.0496204  0.0549279   0.131691
550    0.13448  0.0883236  0.0554701   0.153461
600  0.0452257   0.162769  0.0562178   0.152213
650  0.0457682   0.150961  0.0553232   0.167844
700  0.0522368   0.109942  0.0382021   0.154618
750  0.0673893  0.0181146 0.00742021   0.114124
800   0.138919  0.0427869  0.0123633    0.12336
850   0.623518   0.547628  0.0100324   0.128169
900  0.0636641  0.0429697 0.00732441   0.116583
950  0.0442021  0.0977946  0.0059436   0.115183
1000  0.0693798 0.00142673 0.000460398   0.114608
1100   0.039287   0.159495 0.00142146    0.12422
1200  0.0832754   0.025931  0.0144776   0.113001
1300  0.0445103   0.123812  0.0184111   0.115768
1400  0.0590169  0.0425499  0.0160111    0.12016
1500  0.0729881  0.0342497 0.00912861   0.105638
1600    1.59783    1.54029  0.0154973   0.101058
1700    0.09863    0.08386  0.0206637  0.0907806
1800  0.0335525  0.0829481  0.0160231  0.0974375
1900  0.0478324  0.0630135  0.0251487  0.0562003
2000  0.0751498  0.0565496   0.014157  0.0580692
