         1          0
   1.23256   0.313683
   1.46512   0.789616
   1.69767     1.4278
   1.93023    2.22823
   2.16279    3.21741
   2.39535    4.47215
   2.62791     5.9973
   2.86047    7.79286
   3.09302     9.8675
   3.32558    12.3012
   3.55814    15.1136
    3.7907    18.3045
   4.02326    21.8745
   4.25581    25.8875
   4.48837    30.3872
   4.72093    35.3737
   4.95349    40.8469
   5.18605    46.8415
    5.4186    53.4289
   5.65116    60.6111
   5.88372    68.3883
   6.11628    76.6117
   6.34884    84.3889
    6.5814    91.5711
   6.81395    98.1585
   7.04651    104.153
   7.27907    109.626
   7.51163    114.613
   7.74419    119.112
   7.97674    123.125
    8.2093    126.696
   8.44186    129.886
   8.67442    132.699
   8.90698    135.133
   9.13953    137.207
   9.37209    139.003
   9.60465    140.528
   9.83721    141.783
   10.0698    142.772
   10.3023    143.572
   10.5349     144.21
   10.7674    144.686
        11        145
