         1          1
   1.16667        1.5
   1.33333          2
       1.5        2.5
   1.66667          3
   1.83333        3.5
         2          4
   2.16667    4.83333
   2.33333    5.66667
       2.5        6.5
   2.66667    7.33333
   2.83333    8.16667
         3          9
         3          9
   3.16667    10.1667
   3.33333    11.3333
       3.5       12.5
   3.66667    13.6667
   3.83333    14.8333
         4         16
         4         16
   4.16667       17.5
   4.33333         19
       4.5       20.5
   4.66667         22
   4.83333       23.5
         5         25
   5.16667    26.8333
   5.33333    28.6667
       5.5       30.5
   5.66667    32.3333
   5.83333    34.1667
         6         36
   6.16667    34.1667
   6.33333    32.3333
       6.5       30.5
   6.66667    28.6667
   6.83333    26.8333
         7         25
   7.16667       23.5
   7.33333         22
       7.5       20.5
   7.66667         19
   7.83333       17.5
         8         16
   8.16667    14.8333
   8.33333    13.6667
       8.5       12.5
   8.66667    11.3333
   8.83333    10.1667
         9          9
         9          9
   9.16667    8.16667
   9.33333    7.33333
       9.5        6.5
   9.66667    5.66667
   9.83333    4.83333
        10          4
        10          4
   10.1667        3.5
   10.3333          3
      10.5        2.5
   10.6667          2
   10.8333        1.5
        11          1
