         1          1
       1.1       2.29
       1.2       3.36
       1.3       4.21
       1.4       4.84
       1.5       5.25
       1.6       5.44
       1.7       5.41
       1.8       5.16
       1.9       4.69
         2          4
       2.1       3.33
       2.2       2.92
       2.3       2.77
       2.4       2.88
       2.5       3.25
       2.6       3.88
       2.7       4.77
       2.8       5.92
       2.9       7.33
         3          9
       3.1      10.69
       3.2      12.16
       3.3      13.41
       3.4      14.44
       3.5      15.25
       3.6      15.84
       3.7      16.21
       3.8      16.36
       3.9      16.29
         4         16
       4.1      15.73
       4.2      15.72
       4.3      15.97
       4.4      16.48
       4.5      17.25
       4.6      18.28
       4.7      19.57
       4.8      21.12
       4.9      22.93
         5         25
         5         25
       5.1      27.09
       5.2      28.96
       5.3      30.61
       5.4      32.04
       5.5      33.25
       5.6      34.24
       5.7      35.01
       5.8      35.56
       5.9      35.89
         6         36
         6         36
       6.1      35.89
       6.2      35.56
       6.3      35.01
       6.4      34.24
       6.5      33.25
       6.6      32.04
       6.7      30.61
       6.8      28.96
       6.9      27.09
         7         25
         7         25
       7.1      22.93
       7.2      21.12
       7.3      19.57
       7.4      18.28
       7.5      17.25
       7.6      16.48
       7.7      15.97
       7.8      15.72
       7.9      15.73
         8         16
         8         16
       8.1      16.29
       8.2      16.36
       8.3      16.21
       8.4      15.84
       8.5      15.25
       8.6      14.44
       8.7      13.41
       8.8      12.16
       8.9      10.69
         9          9
         9          9
       9.1       7.33
       9.2       5.92
       9.3       4.77
       9.4       3.88
       9.5       3.25
       9.6       2.88
       9.7       2.77
       9.8       2.92
       9.9       3.33
        10          4
        10          4
      10.1       4.69
      10.2       5.16
      10.3       5.41
      10.4       5.44
      10.5       5.25
      10.6       4.84
      10.7       4.21
      10.8       3.36
      10.9       2.29
        11          1
