         1         14
   1.23256    8.88372
   1.46512    3.76744
   1.69767   -1.34884
   1.93023   -6.46512
   2.16279   -3.76744
   2.39535    2.27907
   2.62791    8.32558
   2.86047    14.3721
   3.09302    15.9535
   3.32558    10.8372
   3.55814    5.72093
    3.7907   0.604651
   4.02326   -3.39535
   4.25581    2.65116
   4.48837    8.69767
   4.72093    14.7442
   4.95349    20.7907
   5.18605     17.907
    5.4186    12.7907
   5.65116    7.67442
   5.88372    2.55814
   6.11628   -2.55814
   6.34884   -7.67442
    6.5814   -12.7907
   6.81395    -17.907
   7.04651   -20.7907
   7.27907   -14.7442
   7.51163   -8.69767
   7.74419   -2.65116
   7.97674    3.39535
    8.2093  -0.604651
   8.44186   -5.72093
   8.67442   -10.8372
   8.90698   -15.9535
   9.13953   -14.3721
   9.37209   -8.32558
   9.60465   -2.27907
   9.83721    3.76744
   10.0698    6.46512
   10.3023    1.34884
   10.5349   -3.76744
   10.7674   -8.88372
        11        -14
