         1          0
   1.23256   0.565024
   1.46512    1.61051
   1.69767    2.85975
   1.93023    4.03604
   2.16279    4.89719
   2.39535     5.5573
   2.62791    6.34067
   2.86047    7.57431
   3.09302     9.5788
   3.32558    12.4244
   3.55814    15.8561
    3.7907    19.5972
   4.02326    23.3711
   4.25581    27.0347
   4.48837    30.8417
   4.72093    35.1191
   4.95349    40.1939
   5.18605    46.3416
    5.4186     53.457
   5.65116    61.2642
   5.88372    69.4864
   6.11628    77.8469
   6.34884    86.0692
    6.5814    93.8763
   6.81395    100.992
   7.04651    107.139
   7.27907    112.214
   7.51163    116.492
   7.74419    120.299
   7.97674    123.962
    8.2093    127.736
   8.44186    131.477
   8.67442    134.909
   8.90698    137.755
   9.13953    139.759
   9.37209    140.993
   9.60465    141.776
   9.83721    142.436
   10.0698    143.297
   10.3023    144.474
   10.5349    145.723
   10.7674    146.768
        11    147.333
