#INDEX 0
0 0 0
0.0196078 0.0870416 0.0870603
0.0392157 0.173705 0.17379
0.0588235 0.259868 0.259861
0.0784314 0.344821 0.344946
0.0980392 0.428655 0.428723
0.117647 0.510862 0.510873
0.137255 0.591062 0.591085
0.156863 0.6691 0.669055
0.176471 0.744428 0.744488
0.196078 0.816981 0.817096
0.215686 0.886543 0.886604
0.235294 0.952675 0.95275
0.254902 1.01518 1.01528
0.27451 1.07391 1.07396
0.294118 1.12854 1.12857
0.313725 1.17889 1.17889
0.333333 1.22478 1.22474
0.352941 1.26599 1.26595
0.372549 1.30238 1.30236
0.392157 1.33387 1.33382
0.411765 1.36024 1.36023
0.431373 1.38146 1.38147
0.45098 1.39747 1.39748
0.470588 1.40823 1.40818
0.490196 1.41363 1.41354
0.509804 1.41366 1.41354
0.529412 1.4083 1.40818
0.54902 1.39756 1.39748
0.568627 1.38153 1.38147
0.588235 1.36027 1.36023
0.607843 1.3338 1.33382
0.627451 1.30237 1.30236
0.647059 1.26598 1.26595
0.666667 1.22474 1.22474
0.686275 1.17887 1.17889
0.705882 1.12857 1.12857
0.72549 1.07396 1.07396
0.745098 1.01528 1.01528
0.764706 0.952708 0.95275
0.784314 0.8865 0.886604
0.803922 0.816963 0.817096
0.823529 0.744378 0.744488
0.843137 0.66899 0.669055
0.862745 0.591069 0.591085
0.882353 0.510849 0.510873
0.901961 0.428642 0.428723
0.921569 0.344842 0.344946
0.941176 0.259801 0.259861
0.960784 0.173791 0.17379
0.980392 0.087092 0.0870603
1 0 0


#INDEX 1
0 0 0
0.0196078 0.173824 0.17379
0.0392157 0.34511 0.344946
0.0588235 0.510964 0.510873
0.0784314 0.669203 0.669055
0.0980392 0.817246 0.817096
0.117647 0.952848 0.95275
0.137255 1.07404 1.07396
0.156863 1.17897 1.17889
0.176471 1.26605 1.26595
0.196078 1.33391 1.33382
0.215686 1.38162 1.38147
0.235294 1.40835 1.40818
0.254902 1.41371 1.41354
0.27451 1.39763 1.39748
0.294118 1.36032 1.36023
0.313725 1.30239 1.30236
0.333333 1.22472 1.22474
0.352941 1.12846 1.12857
0.372549 1.01519 1.01528
0.392157 0.886516 0.886604
0.411765 0.744408 0.744488
0.431373 0.590978 0.591085
0.45098 0.428633 0.428723
0.470588 0.259765 0.259861
0.490196 0.0869298 0.0870603
0.509804 -0.0872083 -0.0870603
0.529412 -0.260012 -0.259861
0.54902 -0.428913 -0.428723
0.568627 -0.591246 -0.591085
0.588235 -0.744602 -0.744488
0.607843 -0.886666 -0.886604
0.627451 -1.01533 -1.01528
0.647059 -1.12862 -1.12857
0.666667 -1.2248 -1.22474
0.686275 -1.30233 -1.30236
0.705882 -1.36017 -1.36023
0.72549 -1.39739 -1.39748
0.745098 -1.41341 -1.41354
0.764706 -1.40805 -1.40818
0.784314 -1.38133 -1.38147
0.803922 -1.33364 -1.33382
0.823529 -1.26579 -1.26595
0.843137 -1.17877 -1.17889
0.862745 -1.07388 -1.07396
0.882353 -0.952664 -0.95275
0.901961 -0.816942 -0.817096
0.921569 -0.668891 -0.669055
0.941176 -0.510736 -0.510873
0.960784 -0.344832 -0.344946
0.980392 -0.173746 -0.17379
1 0 0


#INDEX 2
0 0 0
0.0196078 0.259897 0.259861
0.0392157 0.510778 0.510873
0.0588235 0.744492 0.744488
0.0784314 0.95266 0.95275
0.0980392 1.12849 1.12857
0.117647 1.26586 1.26595
0.137255 1.36009 1.36023
0.156863 1.40809 1.40818
0.176471 1.40805 1.40818
0.196078 1.3601 1.36023
0.215686 1.26579 1.26595
0.235294 1.12845 1.12857
0.254902 0.952653 0.95275
0.27451 0.744395 0.744488
0.294118 0.510826 0.510873
0.313725 0.259828 0.259861
0.333333 -3.6741e-05 1.73191e-16
0.352941 -0.259846 -0.259861
0.372549 -0.510901 -0.510873
0.392157 -0.744548 -0.744488
0.411765 -0.952812 -0.95275
0.431373 -1.12861 -1.12857
0.45098 -1.26595 -1.26595
0.470588 -1.36014 -1.36023
0.490196 -1.40809 -1.40818
0.509804 -1.40804 -1.40818
0.529412 -1.36006 -1.36023
0.54902 -1.26581 -1.26595
0.568627 -1.12845 -1.12857
0.588235 -0.952668 -0.95275
0.607843 -0.74447 -0.744488
0.627451 -0.510776 -0.510873
0.647059 -0.259733 -0.259861
0.666667 0.000182383 -3.46382e-16
0.686275 0.260111 0.259861
0.705882 0.511136 0.510873
0.72549 0.744728 0.744488
0.745098 0.952993 0.95275
0.764706 1.12876 1.12857
0.784314 1.2661 1.26595
0.803922 1.36035 1.36023
0.823529 1.40832 1.40818
0.843137 1.40835 1.40818
0.862745 1.36042 1.36023
0.882353 1.26612 1.26595
0.901961 1.12873 1.12857
0.921569 0.952881 0.95275
0.941176 0.74456 0.744488
0.960784 0.510924 0.510873
0.980392 0.259892 0.259861
1 0 0


