        -5         -1
    -4.875         -1
     -4.75         -1
    -4.625         -1
      -4.5         -1
    -4.375         -1
     -4.25         -1
    -4.125         -1
        -4         -1
    -3.875         -1
     -3.75         -1
    -3.625         -1
      -3.5  -0.999999
    -3.375  -0.999998
     -3.25  -0.999996
    -3.125   -0.99999
        -3  -0.999978
    -2.875  -0.999952
     -2.75  -0.999899
    -2.625  -0.999795
      -2.5  -0.999593
    -2.375  -0.999217
     -2.25  -0.998537
    -2.125  -0.997346
        -2  -0.995322
    -1.875   -0.99199
     -1.75  -0.986672
    -1.625  -0.978444
      -1.5  -0.966105
    -1.375   -0.94817
     -1.25    -0.9229
    -1.125  -0.888388
        -1  -0.842701
    -0.875  -0.784075
     -0.75  -0.711156
    -0.625  -0.623241
      -0.5    -0.5205
    -0.375  -0.404117
     -0.25  -0.276326
    -0.125  -0.140316
         0          0
     0.125   0.140316
      0.25   0.276326
     0.375   0.404117
       0.5     0.5205
     0.625   0.623241
      0.75   0.711156
     0.875   0.784075
         1   0.842701
     1.125   0.888388
      1.25     0.9229
     1.375    0.94817
       1.5   0.966105
     1.625   0.978444
      1.75   0.986672
     1.875    0.99199
         2   0.995322
     2.125   0.997346
      2.25   0.998537
     2.375   0.999217
       2.5   0.999593
     2.625   0.999795
      2.75   0.999899
     2.875   0.999952
         3   0.999978
     3.125    0.99999
      3.25   0.999996
     3.375   0.999998
       3.5   0.999999
     3.625          1
      3.75          1
     3.875          1
         4          1
     4.125          1
      4.25          1
     4.375          1
       4.5          1
     4.625          1
      4.75          1
     4.875          1
         5          1
