10   0.521817   0.221359  0.0902629   0.211915
15    1.21467    1.13806  0.0155793   0.343238
20    0.81753    0.52945   0.030979   0.236267
25   0.468762    0.59763  0.0418583   0.283771
30   0.116545  0.0990683   0.122582   0.123791
35   0.155913   0.141145   0.107091    0.19675
40   0.245844   0.138328   0.148876   0.158908
45  0.0811647    0.20217   0.147573   0.198166
50   0.168455  0.0455245   0.157205   0.197919
55   0.103915   0.202908   0.174892    0.21903
60   0.255852   0.219326   0.180097   0.204645
65  0.0633943   0.301673   0.170264   0.236705
70    0.17962  0.0971899   0.121924   0.204799
75  0.0662511   0.261593   0.107932   0.203877
80   0.164709  0.0695821  0.0652085   0.149853
85   0.178983  0.0860878  0.0688296   0.166334
90   0.176004  0.0251238  0.0383077   0.131723
95  0.0844441   0.191439  0.0357059   0.159024
100    0.16477  0.0329452  0.0532543   0.156207
105   0.436632   0.274856  0.0573682   0.177019
110   0.119157   0.185123  0.0672475   0.176448
115   0.385886  0.0740162  0.0656372   0.198651
120  0.0931602    0.17041  0.0573079   0.193962
125   0.117946  0.0225429  0.0551225   0.208053
130  0.0952127   0.123951   0.038527   0.205268
135   0.153675 0.00315545  0.0343493   0.216333
140  0.0847823   0.110823  0.0293566    0.19914
145  0.0597626   0.216311  0.0236457   0.212482
150  0.0656636   0.124121  0.0168287   0.214002
155   0.123532  0.0179848  0.0154491   0.226213
160   0.155677   0.100275   0.020611   0.229628
165   0.214289    0.13603  0.0185164   0.242615
170    0.16149  0.0592592  0.0187844   0.248126
175    0.13838 0.00376731  0.0180615   0.259283
180   0.169239  0.0747335 0.00909196   0.259612
185   0.044691   0.270185  0.0106346   0.267611
190  0.0694195   0.124903 0.00275256   0.246709
195   0.191607   0.116451 0.00554219   0.255264
200    0.41199   0.197383  0.0112292   0.218931
205  0.0968854   0.119896  0.0133897   0.226957
210    0.13251  0.0843617  0.0222597    0.20846
215  0.0938163  0.0842049  0.0226707   0.218656
220  0.0781038  0.0986912  0.0193533    0.21528
225  0.0720957   0.129908  0.0188632   0.226657
230    0.11226   0.106753  0.0159088   0.224878
235  0.0518487    0.17775  0.0134903   0.232099
240   0.558265     0.4247 0.00636565    0.21129
245  0.0645483   0.125046 0.00666659   0.218618
250   0.075185   0.135173  0.0671687   0.117872
255   0.141971   0.131669   0.077699    0.11572
260  0.0482142   0.214555  0.0760302   0.115609
265   0.117166   0.065467   0.074868   0.116732
270  0.0717441   0.172849  0.0822324   0.109836
275   0.109878  0.0924517  0.0793922   0.117362
280  0.0962113  0.0769039  0.0812103   0.119238
285   0.149273     0.0321  0.0815539    0.12699
290  0.0435762   0.223383  0.0865584   0.127881
295    0.10227  0.0369854  0.0859495   0.134931
300  0.0746974  0.0917405  0.0889832   0.131889
305   0.064111   0.165201  0.0878913   0.137871
310   0.136908  0.0788013  0.0798031   0.132844
315   0.140795  0.0298902  0.0775313   0.136389
320   0.117636  0.0599917  0.0779631   0.131966
325   0.146657 0.00304861  0.0754989    0.13995
330  0.0469054   0.163954  0.0710479   0.139407
335   0.081694  0.0817759  0.0697525   0.146648
340  0.0549688   0.168181  0.0694705   0.150484
345  0.0407679   0.224312  0.0694846   0.157702
350  0.0602755    0.16673  0.0856625   0.143071
355  0.0815704  0.0819828  0.0849098   0.151325
360   0.104786  0.0748451  0.0708054   0.143037
365  0.0587992   0.172547  0.0694946   0.150135
370   0.060706    0.14934  0.0653441   0.147886
375  0.0712688   0.131625  0.0636122   0.153783
380   0.068866  0.0757004  0.0547782   0.148803
385   0.096226  0.0269092  0.0532386   0.153979
390  0.0429669   0.179376   0.048447   0.154195
395  0.0931876  0.0599641  0.0486917   0.159718
400  0.0499709   0.178194  0.0480019   0.160896
405   0.268587   0.101161  0.0470005   0.167295
410  0.0374012   0.229585  0.0471674   0.168228
415  0.0680832  0.0807704  0.0467924   0.174059
420   0.211449   0.222247  0.0508853   0.166496
425   0.391594   0.259382  0.0500048   0.171452
430   0.166701 0.00649279  0.0378561    0.15161
435  0.0531421   0.149819  0.0347494   0.155677
440  0.0472107   0.147101  0.0252943   0.146172
445   0.201824   0.253541  0.0252077   0.149973
450  0.0625092  0.0697107 0.00284187  0.0552781
455  0.0647766  0.0475966  0.0032227  0.0603398
460   0.272775   0.237069  0.0108684  0.0497203
465  0.0459375   0.148136  0.0126302  0.0549931
470  0.0522633   0.133993  0.0141697  0.0571456
475   0.369698   0.408062   0.015746  0.0620114
480   0.113655  0.0706346  0.0182333  0.0593059
485   0.076659   0.100072  0.0176466  0.0646063
490  0.0941399  0.0184076  0.0194638  0.0580589
495  0.0590324   0.122541  0.0197218  0.0625308
