0 1 1
0.0625 1.06449 1.06449
0.125 1.13315 1.13315
0.1875 0.687289 1.20623
0.25 0.606531 1.28403
0.3125 0.535261 1.36684
0.375 0.472367 1.45499
0.4375 0.416862 1.54883
0.5 0.367879 1.64872
0.5625 0.324652 1.75505
0.625 0.286505 1.86825
0.6875 0.25284 1.98874
0.75 0.22313 2.117
0.8125 0.196912 2.25353
0.875 0.173774 2.39888
0.9375 0.153355 2.55359
1 0.135335 2.71828
1.0625 0.119433 2.8936
1.125 0.105399 3.08022
1.1875 0.0930145 3.27887
1.25 0.082085 3.49034
1.3125 0.0724398 3.71545
1.375 0.0639279 3.95508
1.4375 0.0564161 4.21016
1.5 0.0497871 4.48169
1.5625 0.0439369 4.77073
1.625 0.0387742 5.07842
1.6875 0.0342181 5.40595
1.75 0.0301974 5.7546
1.8125 0.0266491 6.12574
1.875 0.0235177 6.52082
1.9375 0.0207543 6.94138
2 0.0183156 7.38906
2.0625 0.0161635 7.86561
2.125 0.0142642 8.3729
2.1875 0.0125881 8.9129
2.25 0.011109 9.48774
2.3125 0.00980366 10.0996
2.375 0.0086517 10.751
2.4375 0.00763509 11.4444
2.5 0.00673795 12.1825
2.5625 0.00594622 12.9682
2.625 0.00524752 13.8046
2.6875 0.00463092 14.6949
2.75 0.00408677 15.6426
2.8125 0.00360656 16.6515
2.875 0.00318278 17.7254
2.9375 0.00280879 18.8686
3 0.00247875 20.0855
3.0625 0.00218749 21.3809
3.125 0.00193045 22.7599
3.1875 0.00170362 24.2278
3.25 0.00150344 25.7903
3.3125 0.00132678 27.4537
3.375 0.00117088 29.2243
3.4375 0.0010333 31.1091
3.5 0.000911882 33.1155
3.5625 0.000804733 35.2512
3.625 0.000710174 37.5247
3.6875 0.000626727 39.9449
3.75 0.000553084 42.5211
3.8125 0.000488095 45.2635
3.875 0.000430743 48.1827
3.9375 0.000380129 51.2902
4 0.000335463 54.5982
4.0625 0.000296045 58.1194
4.125 0.000261259 61.8678
4.1875 0.00023056 65.8579
4.25 0.000203468 70.1054
4.3125 0.00017956 74.6268
4.375 0.000158461 79.4398
4.4375 0.000139842 84.5633
4.5 0.00012341 90.0171
4.5625 0.000108909 95.8227
4.625 9.61117e-05 102.003
4.6875 8.48182e-05 108.581
4.75 7.48518e-05 115.584
4.8125 6.60565e-05 123.039
4.875 5.82947e-05 130.974
4.9375 5.14449e-05 139.421
5 4.53999e-05 148.413
5.0625 4.00653e-05 157.985
5.125 3.53575e-05 168.174
5.1875 3.12029e-05 179.02
5.25 2.75364e-05 190.566
5.3125 2.43008e-05 202.857
5.375 2.14454e-05 215.94
5.4375 1.89255e-05 229.867
5.5 1.67017e-05 244.692
5.5625 1.47392e-05 260.473
5.625 1.30073e-05 277.272
5.6875 1.14789e-05 295.155
5.75 1.01301e-05 314.191
5.8125 8.93978e-06 334.454
5.875 7.88932e-06 356.025
5.9375 6.9623e-06 378.986
6 6.14421e-06 403.429
6.0625 5.42225e-06 429.448
6.125 4.78512e-06 457.145
6.1875 4.22285e-06 486.628
6.25 3.72665e-06 518.013
6.3125 3.28876e-06 551.422
6.375 2.90232e-06 586.985
6.4375 2.56129e-06 624.843
6.5 2.26033e-06 665.142
6.5625 1.99473e-06 708.04
6.625 1.76035e-06 753.704
6.6875 1.5535e-06 802.314
6.75 1.37096e-06 854.059
6.8125 1.20987e-06 909.141
6.875 1.0677e-06 967.775
6.9375 9.42245e-07 1030.19
7 8.31529e-07 1096.63
7.0625 7.33822e-07 1167.36
7.125 6.47595e-07 1242.65
7.1875 5.71501e-07 1322.79
7.25 5.04348e-07 1408.1
7.3125 4.45085e-07 1498.92
7.375 3.92786e-07 1595.59
7.4375 3.46633e-07 1698.5
7.5 3.05902e-07 1808.04
7.5625 2.69958e-07 1924.65
7.625 2.38237e-07 2048.78
7.6875 2.10243e-07 2180.92
7.75 1.85539e-07 2321.57
7.8125 1.63738e-07 2471.3
7.875 1.44498e-07 2630.69
7.9375 1.27519e-07 2800.35
8 1.12535e-07 2980.96
8.0625 9.93119e-08 3173.21
8.125 8.76425e-08 3377.87
8.1875 7.73442e-08 3595.72
8.25 6.8256e-08 3827.63
8.3125 6.02357e-08 4074.49
8.375 5.31579e-08 4337.27
8.4375 4.69116e-08 4617
8.5 4.13994e-08 4914.77
8.5625 3.65348e-08 5231.74
8.625 3.22419e-08 5569.16
8.6875 2.84533e-08 5928.34
8.75 2.511e-08 6310.69
8.8125 2.21595e-08 6717.69
8.875 1.95557e-08 7150.95
8.9375 1.72578e-08 7612.14
9 1.523e-08 8103.08
9.0625 1.34404e-08 8625.69
9.125 1.18611e-08 9182
9.1875 1.04674e-08 9774.18
9.25 9.23745e-09 10404.6
9.3125 8.15202e-09 11075.6
9.375 7.19413e-09 11789.9
9.4375 6.3488e-09 12550.3
9.5 5.6028e-09 13359.7
9.5625 4.94445e-09 14221.4
9.625 4.36346e-09 15138.6
9.6875 3.85074e-09 16114.9
9.75 3.39827e-09 17154.2
9.8125 2.99896e-09 18260.6
9.875 2.64657e-09 19438.3
9.9375 2.33559e-09 20691.9
10 2.06115e-09 22026.5
